4129807630
4129807630
16995188561603
4129807630
4129807630
4129807630
16832529054411
4129807630
16878184175243
4129807630
16878184175243
16878184175243
4129807630
16878184175243
16878184175243
16878184175243
4129807630
16878184175243
16878184175243
4129807630
16878184175243
4129807630
4129807630
16836851322883
4129807630
4129807630
4129807630
4129807630
4129807630
16860009731235
16860009731235
4129807630
16968536100139
16866511228867
4129807630
4129807630
16986957734019
4129807630
16868802318339
16834718320747
16834718320747
16834718320747
