0
0
636191907
0
1024702196
0
639667722
2271105237
2578805710
2656511340
3542148562
3640415448
840204117
0
2491561643
4579343172
1920829962
4925143373
8843059510
27658482563
15418305040
9797903116
3487131138
17649159198
914836729
978286593
8314160775
16761280862
18847225866
23924987585
1833968322
9113108290
3297310948
40426224950
15189248643
978286593
0
9441271608
4783099011
53762877267
6632092108
22990867082
22777121431
6944452183
7596043725
29411120630
16881418739
3588822841
10681704033
30083483720
46678135475
56759411645
23491032025
22390256232
17628819442
47908992617
17890646574
4182405336
20440682708
25086099932
48377970957
33738506266
339755007
36747178747
23705163927
14180344709
7852369522
0
60861453475
35772999638
44224759259
101789922553
8682621603
3513759527
43562632975
14208519910
22210307732
51925865851
50726476903
98937625859
78183247333
26374324130
7098145943
42206507595
10191982244
42847402809
41930544385
8259322947
31423650332
37295856273
37570875648
1644926511
63887844794
70313722391
132184219558
25237745101
43822286775
45899511271
914836729
29479803848
54647682222
59740381709
985311513
23064287230
20635665182
18491212268
5811798468
37823697457
63279601448
75049338265
61879233203
25380704386
26121567741
75798014487
80559233037
168122578254
0
148397847623
1306904241
68248737448
55099161834
77640882873
116290235424
102632518720
155485958255
164624749882
81656070874
52553920884
2964011738
333848891
142106470504
199940807914
123394353651
143811175382
