0
9672
686429
2774473
2195775
11280316
12619352
136068
2197686
6691929
5974229
4063223
5855926
71061
724025
2256415
5532701
4694071
823134
1666461
12389859
1322035
29677338
31264381
5611997
1608937
9189667
37728
18316836
7647168
5674942
34671238
8981382
16284402
29432561
54299001
5991
6621908
36924919
36179637
12246395
2006313
52867122
10654381
11653934
2490669
62038387
53906941
100737876
9193972
78889041
2529816
1774299
15135212
6485460
18027897
70291837
59140426
465513
82793198
328516
113750408
8107294
38579757
43247571
19903069
7406
45773000
8152160
6763200
4736802
106441515
25494465
100355138
26989800
6552740
58881672
90821540
75997436
13659242
129625486
5177845
101238957
36850664
63902883
145388313
15940195
63676836
8778880
2827293
10941798
11704977
1302217
32160048
11572048
9007235
69199498
20574549
131210043
150049870
16762458
119496599
18685376
42594767
150141636
132524756
26250334
11983684
46368117
34039994
17492551
8425514
89974794
12531058
125753068
106824659
85680768
2518197
79381226
60406827
1131424
156837408
35112899
137323272
10873760
33849674
3548732
10242657
23484642
163639324
7960
989671
3526332
188573
138730682
113612870
4957485
15524432
180485090
199137068
61524016
150897392
6286286
9849526
220254280
41714164
16386208
661591
132508814
3064398
44167447
260264984
77804042
29915901
215474573
136756678
75313033
4242434
20829388
64767193
21721838
37264518
98120461
197711067
151376699
91909329
27953373
6535583
69558881
26286940
215135852
188683709
10083583
234780105
178500645
19740088
220534002
74413788
211714105
36275526
191168488
276523276
250318530
151276471
163805028
97679288
102270946
105373054
252586940
179947712
147147283
86009405
12532001
183243501
321262429
187145734
196097341
146987913
117989884
174632735
137850263
2958423
83432644
12954201
253403100
313589253
249972623
76196462
38105882
527628
234026314
7445365
81476219
405292214
207556619
95363982
214248507
224843984
431159740
364276527
329890816
21649517
13169464
143210509
299790510
374033987
20728382
109499369
357268981
11819809
240861187
124736310
134782710
24386620
7704671
140865661
48002680
9379966
110652988
103798216
57933346
63111657
32768453
458253984
52139338
410559909
90762154
14481426
428228007
422132018
1779922
71944356
37348858
256789339
331033341
440324981
1917362
13166251
25612929
18511275
13990074
32592438
59450638
313350509
232620085
277973785
29196816
57455107
319133222
294026019
506552689
1715267
4495042
84121700
11297181
311522002
82142077
267576217
368016144
233992964
8946615
163920907
25691694
92538019
384958489
48151551
6072823
433735891
42051306
458594889
96734373
23661256
953116
10162861
151447375
233320730
110316713
6232486
2177126
221881149
146530057
4019921
233151616
124856370
33501887
55658373
84724697
17034510
122136276
395006691
55530435
65271176
261406157
255214498
444281428
602929613
114735125
88871639
275501284
208331246
317202809
466958061
185434199
54608416
124649748
340023616
96363405
165560563
3654554
75301445
31550092
149409647
282022967
72946138
318938593
30250538
150275180
660196086
127435283
112499971
25365252
248885009
431855965
198646088
349832766
129983731
625503269
34638837
612698542
648477872
32556442
617154
511789815
30508005
563344147
279923630
187831342
94161349
41547142
233175281
133916118
17130433
2388840
32859387
101587304
314713689
107251854
67447965
5851266
116247706
380777552
1043317
573412702
398187548
175748359
210527704
392431427
393201433
107708511
375499780
62808575
573717145
265319653
145652
383165892
49143757
172856342
89947606
581546680
604464777
17567971
200212146
180886531
250709203
27576000
457367835
4641354
529093827
162956286
13322295
654309761
21849504
106296070
126456330
163364418
50969797
272439555
16504301
203968651
349621428
4834861
242571242
21947226
430238878
322846920
115077901
72274985
171915770
4874184
28249534
11801637
591833417
814437635
861574238
213500310
137850261
181037169
244177287
6699921
394706214
345149674
251560851
32793143
26509667
245640555
551634899
134412129
534764070
239331466
606178885
1095174
705579334
17522636
768174758
3491144
784490330
863317821
623022046
359444843
205834607
836898000
391267638
16717540
308128672
103355691
861180619
371974686
35570950
66814109
113447265
2897067
26183880
261443514
805363913
140869860
309444358
416209505
236142572
680667228
507901670
396136025
78490260
109853849
212339857
665260743
546459733
146993647
133735868
128478469
94902547
516111741
439196850
243462324
547797056
281366441
434070434
141729
119614690
74455328
119552109
340126086
61826130
186267711
198473302
59106361
11272903
337710952
222807036
441779650
470548601
100311873
302919880
147416976
225238708
26596802
190162009
129107375
8537893
903013
726151123
121287959
44152076
252516210
204006362
172915816
798543314
108752739
1010414056
103534778
24732182
860967427
134989471
1234013
335551557
680415096
30346290
552403516
38067548
64776991
115398424
148505815
74606408
168643255
190142842
714914758
247751604
630719431
934490857
403343464
1061672647
184805775
499490416
115460841
414245102
4182851
51916604
402885105
409179
485865153
94572976
735547259
1088726657
296176639
128764391
162822941
1057180123
513425636
35688503
316398920
1150969805
298737117
186116066
22618895
85691421
11617842
157023360
382871198
617833903
227722028
36136653
376741102
291953023
251406356
64458852
99573250
914096054
111290680
403058079
398200727
95956951
335477063
517636040
13387926
685910221
412946985
335257160
750730877
50384426
895072057
389566249
112794702
831526302
382410329
6389106
19706613
159375504
1061740053
160729674
372198950
394054541
820458746
93084380
427149680
17533332
982887052
853711000
592935259
30880810
76236877
329196927
320537873
101057820
19936375
626412094
88001514
340781144
1250289332
621783292
221477831
3142384
688026752
21432793
25752982
200519216
310758747
635604704
169202334
184951461
26533443
843388682
299848735
379890670
124561376
435167861
307403840
222337315
344594410
1092380541
515147253
70826742
829011552
42312212
593455142
378897784
29799698
168422491
30434606
1286576252
485878026
14084199
1078372956
12576020
660687843
549128827
55021308
1342891659
144770066
21537703
493268296
281283057
532494711
392634541
533423437
124974817
663341595
354289279
34197677
335979166
301399392
524613856
865586729
91320269
839239942
92312672
74529608
265835552
375653002
1379824749
589556905
679516047
426273551
1053151116
56737452
1712360
784147796
49797454
821776871
139259
1157098989
133186820
1213805458
80159791
72101452
908664933
179294148
306190454
176189941
399164165
342874668
565279491
305504325
56119024
377233377
182811701
63676617
106026381
434320974
639182841
1048703971
25112499
341950336
28550376
23737249
184011594
366967162
751730632
306475789
38054130
177594855
1314387659
765681865
20558079
166916605
12082667
445862755
239070003
335730584
101127944
245089897
95930699
137904756
307472016
130397
635254897
106241247
468284569
689958411
1350483
434994
62427827
1550858182
719246342
213258440
60980923
1347010961
1339505792
39747147
416649999
66940138
724440650
970756821
261032175
729972222
17680134
1459776992
761729295
58529864
393055383
27130981
936726726
413223940
263240473
1084979744
431323522
235210940
524239615
588171167
404168661
1327800792
800093089
761266410
386227657
172988533
49443673
888435351
1142959341
1069286369
386109031
70430589
356480806
818837240
23479292
411172283
593675621
32381132
166180485
799518339
226012399
724430267
162201043
121169334
280818786
360880534
346784680
1645035910
563911785
50677975
1692876398
1042012866
349554960
200799032
7540755
967358670
7785986
19750109
15258491
1545298
54030548
1463485341
251048891
98307117
2875699
1588866873
95576905
448988609
698674171
272358861
62413060
950916755
14932363
38787817
1480442063
1367980692
1093331446
892562198
68483072
137640628
23689
35273620
281832766
909345012
713962493
987585367
137461247
602672066
34767057
1606221442
862735863
822130311
395572506
319059032
1274630662
37517975
653044207
241209923
609079062
90700959
12554
4801011
227752429
2010386
669014732
356789227
402935807
783401670
897432708
12760845
1167141334
1113064597
491555848
170797385
1779328039
1013944902
1581945255
363027688
67621545
495222504
1029115077
1191226131
112329356
202834816
41546024
963951233
586702921
265404850
1868125488
527704067
53385320
1430627527
176477478
160032935
69782929
18102326
121442135
691566451
178266263
774839517
1318177314
609136155
380627947
217748911
670031515
587641486
1630937309
1400516372
3061153
851782426
1730842212
793930337
74682645
66290941
115171784
1636387116
1215247199
208612009
841336770
1508080026
604841180
37816844
167910519
1138796762
1088310445
16847219
651852479
1803755811
330952554
1391809694
1736956113
1396869474
21562737
645651984
1862223047
3547711
261131306
73607824
219998267
14390812
639542048
5425669
95003611
137186351
1870065449
1074969584
114705495
1397650684
1920356069
137795765
158806132
1080040339
287684672
166420232
1223557612
175449240
73031207
13960480
960898220
21655713
36292241
1366293924
331322449
1117929839
704980879
1327983095
200196935
642883814
207197487
160218809
228301154
17635661
1154682577
2092845047
368304697
712636864
93835019
95716935
2010799067
645704956
166790463
668058805
1418764073
418120020
27910002
674443490
361123982
163179956
5577891
38506355
1596833525
701142474
56015770
283919897
107505450
993531771
346023863
45597271
580532587
1741647387
192642436
116249302
930233157
1606740390
1616389365
483038229
1376347070
645074070
118115906
1330238683
1068867512
901832162
412446474
1962607700
1130315497
1403753342
137210070
1289358591
58457365
151501974
1373395866
109542379
256158920
1349641795
707781007
677983230
94480264
712208902
1474777176
1402686601
2088810738
570096968
804762208
151388152
388324588
1939741430
197647936
1544122274
587558945
902865682
159207199
87840469
50753300
459881626
1726890088
211208562
1195002498
1089216102
1278478460
215665738
55522301
269579281
506678217
2143598
1938002617
1234464059
425240763
111881966
1432870651
1237161333
73314385
154922045
-2040773473
996441026
480249174
364216844
216791473
1459566905
739691602
71491217
1813136326
1162493181
2078749678
129373962
1010354919
887163351
653011881
235656139
1074436016
428011257
985271523
4302918
1063170769
1176896685
-2057941180
1428129082
44978305
267966601
127478330
1824066384
592756679
29208258
1925176427
178694820
110155630
1492679749
2111530537
706246370
943340762
-1932420418
1509716920
172840694
1312993942
1115999977
306617695
922474553
910569496
20610022
-2009356597
111460404
276494778
2017892969
482921099
899437418
145877638
1403275
231299768
-1891363490
483496153
1516311699
42918829
16272475
782238428
379344110
437562186
270369963
1155041293
-2002298276
156934817
1122864349
40174354
477605778
644694416
22308786
216303192
1351427018
1324008636
66095893
235788892
248048110
1023780000
32168230
945621155
1416009263
1694222618
298334709
1822119
1649204909
1220939594
1079049538
137662112
55420907
1243549563
631719326
1257029404
1023155475
59426099
228441372
199514404
817576544
582469071
1552182311
1830763520
101327278
447780097
1085877026
864847949
171661635
684915585
489591810
181994181
744532865
863446295
28660212
1630838851
231443024
1135294237
981576528
851077965
1240844749
48794175
958065587
690634081
17073776
283011784
1441031361
1650290447
518774110
1920284330
464005771
279462332
869585121
-1754623554
447182924
907730741
1174818256
144317590
66824802
223232152
231965204
1271631569
159202190
1590173553
1842530583
63278370
1409917705
-1928621669
192511079
1355658867
482667018
1656686988
733090575
-1716411286
237542539
280430313
1105499019
64555643
684357292
163815657
314689413
1963802215
1883099575
516172069
153857012
1732274029
148205982
319221354
130212901
5460655
-1969723835
275414641
1768487176
261339025
780314827
648073901
1669415159
-1853819158
502977702
781894297
992016381
8595946
1122037524
145428544
752557274
725604774
-1836304924
758621519
709074493
192454049
415861202
54388047
904648401
411484902
47134856
1113429983
-1980812230
22002749
234723352
555827703
1391624401
31766128
79642231
554736695
530062325
1394418802
103996522
93360267
170083019
377213243
1429162449
119132420
57785287
5167486
290890624
1776421853
151691687
251566148
433602440
-1719669082
102296890
1764323331
57897795
-1860775815
1848684721
738400025
312080937
965347095
2044616172
1076718401
21547276
1953566180
182415359
968187946
1400171006
253891994
4662763
127269136
1265773748
155864407
47499589
386202776
1432193248
412611939
1282469962
469604143
775035202
1304661741
419288410
1559663853
415588482
535144684
1277960203
19494718
622736581
1525983861
635925068
115523260
360581206
355113432
31287255
-1503292033
310055839
912704665
189321784
245561873
1336836583
1838386987
2057769090
298825089
122106091
46514514
2146540410
864434243
29814558
1075184642
-1794959779
131147940
1695278490
1190959822
1064425368
288970673
979586448
-1967789479
947185821
595417552
-1728481205
300774905
63439005
-1653937039
398429695
-2051094263
8057223
12966717
2029362732
414445527
1454373062
454743621
433564121
667335488
227236834
896485995
652536416
-2056255574
65247518
5516043
306232811
44223804
446083404
56431860
1477415156
282895602
857934446
55829467
421232771
1869639278
765849634
24747132
1638967794
1188426676
1477873755
372370579
527888806
1674856747
171402733
143367317
147078626
662366584
1572216286
935356834
296824352
60656876
388122838
1367887262
1169112774
748379809
1906345460
259673156
-1907118021
913693550
58802753
118419063
661565658
1962582419
1689199646
2011612468
489812817
1821788576
134742186
456129865
26408807
1109976639
1494591484
1287766545
168339
2137065173
352673363
264451573
257120085
731803906
1521591612
957424769
32566101
1034985209
638211388
1387663547
1429235560
2101466833
1213756
695046481
1516882147
1489491735
649919063
-1631904426
-1879438123
584968070
1298006835
527381413
1337430124
1250535423
996689208
577756917
289739784
1424335272
1185719646
-2093438668
810340856
1044651796
27540328
322636490
13954746
1655923832
956066785
1309186248
1088364492
37686125
320169740
366885416
1611336935
398424382
583031887
1129518087
852021186
1147913313
310874939
1856952675
-1452279319
780068327
-1898047500
-2004774585
20567970
478205746
1475666584
524697469
104501424
1600002386
1721974424
674007792
1314910111
-1881046161
1386241879
5912
916129931
4453012
2122343268
1099892
234634759
1338976423
823786512
1214074886
337129324
-2025117043
1322199
187027911
1074379076
878933475
848756053
42730938
-1839495945
3422416
61698279
1465577014
211172585
306729063
286709193
419009426
5956845
258741665
960911434
886142624
2007261028
397992188
673905164
1705446101
1425944934
371823619
213206164
336594901
204229927
1960559146
272313030
1263916533
1811953397
1038015703
1598626209
1871538896
1524197284
774432209
70615720
-1108203956
-1444746461
169505707
-1658525663
1854128966
2033094017
194905295
1050996151
1662145624
231758906
1506278938
789261985
47143601
819545079
8604470
1185045093
1763980119
-1926629989
114181227
73332147
878931373
1115709081
513410408
594657734
118467703
1781715086
1352802975
539288722
1810924837
1641970024
112629395
1494804754
53694092
-1470424007
693347277
369913172
-1714019847
1964794580
564846260
49755131
223039132
51870474
301166932
94717023
-2032308956
476745445
248917013
593010108
177152520
-1326274160
373807
959438132
-1500980253
736574941
2014087118
57269394
162305705
1062372308
2130912514
1362370254
61896504
1327720722
242848104
40088524
636814781
560220143
1815087186
601918149
178533342
1065322305
36121288
205558994
746369183
1659673291
57116810
1280500842
175089309
37053586
1757203528
1241995720
-1201905642
42481372
-1586241508
256918158
43358182
788553049
716561190
101375338
175602695
1400173131
1845991879
656451335
198719829
4319574
236172287
95498648
231029531
489551657
421200339
268021755
138977054
157876961
12658162
760078226
75442730
-1184536491
-1316125661
-1194117173
-1639717032
-1932742527
-800584965
768463635
-1937793363
-1517119368
293496761
1798120332
11557440
30197955
109751207
833548840
1047403459
346731272
613443899
1858348670
638295855
1896494535
685284593
1466460549
368796560
1787785591
1786148
118518467
1018512445
462369236
337134524
482773592
2003690435
178830080
112891950
677436379
-912964402
189662759
15835
169383939
346814804
85271189
-693585296
