44
3
369
285
149
0
476
12
27
481
785
9
17
480
98
1124
28
9
592
41
7
1
208
1
17
0
490
6
1
662
0
14
50
4
110
7
459
0
56
4
519
20
154
46
147
2
42
53
122
1087
5
54
429
37
7
33
16
96
3
51
9
7
522
74
46
10
278
191
43
47
95
5
1
259
121
317
111
57
73
7
11
279
321
3
17
11
127
219
17
74
102
57
425
362
356
0
218
76
0
52
5
38
1055
18
45
14
43
684
109
5
200
263
62
307
200
0
14
30
117
17
30
17
1
166
0
260
11
55
0
16
1224
7
109
4
244
0
10
16
2
59
4
3
7
132
76
731
20
58
66
1
10
40
166
16
13
172
3
3
43
357
94
395
16
199
8
24
32
9
14
0
669
18
3
16
47
19
10
0
4
2
4
24
2
161
59
85
11
524
614
6
60
182
569
19
0
2
105
587
5
180
223
26
39
4
185
23
69
27
9
284
0
557
207
468
137
375
33
29
126
73
50
40
0
74
86
327
3
230
123
8
64
204
4
41
245
105
185
4
46
19
2
7
0
10
17
15
196
16
5
1
20
145
97
107
0
12
7
81
5
23
7
15
12
20
134
852
4
695
1216
177
37
3
3
116
3
10
133
34
4
55
0
11
3
79
318
89
4
2
16
122
14
4
34
396
2
355
3
157
631
74
272
14
0
388
0
32
1
150
4
1
11
3
0
33
9
7
133
59
16
613
4
77
115
31
5
116
12
105
9
32
316
85
6
592
305
0
30
18
0
135
3
40
45
78
26
10
543
14
163
59
155
10
45
43
237
3
54
0
164
0
197
9
2
12
89
5
2
10
105
8
5
62
120
31
68
60
59
206
0
2
300
102
565
2
123
28
27
195
71
11
614
5
83
69
6
15
11
0
2
19
18
55
12
341
709
160
25
2
1
37
11
14
182
314
11
320
0
0
44
36
43
31
107
68
296
1
