1301235605442
1359127852097
2395254078017
3444110237430
1804007912035
1939603582838
1356631797797
1277106262824
1171168390819
1292704673490
1433448594516
1297841186746
1415529098163
1340290782079
1290483148324
1713981912533
2833292630737
3791765739675
5014028844328
6957927591674
7334962910875
6189411961966
4196269730333
3294025366926
2873604088198
4701404180442
3239790647610
4363788652572
2959729956727
2055566604265
2844684538589
3732384966015
3989151053860
3634399705146
5469361762183
4203861697043
6083502745901
4993812235521
3888874467129
4009652623331
3199048024177
3039538265960
2040571963436
2797071895357
4179197699703
6358831786020
4492318483830
5083552494825
3187501995443
4727090683694
4156372443641
2909970330453
4434596488545
3936991844609
5649194291023
6442925912952
7518330907561
8194305096013
9495830102482
11776811007697
10896817555615
10133758084503
7817210875629
8955459474712
10082408591910
10487039930185
9716061858530
7692721944898
7123564935411
6462018510251
8618354734176
6587310406121
8367912957146
9056334618524
9276543559094
11371239345793
11456489844962
13732884373477
13987650847643
13272795359703
14204521976906
13127109685855
14528495944231
14853556906115
16670200229617
14706953025683
14950779710959
14093563090251
12564296776118
12441160244486
14595743168770
13971832271437
15946248117474
15742345026533
17602654846817
18979104020550
21137694320577
19288357348345
19915437036199
18253447033454
20229648074239
18822688087712
20768025839849
20892149722932
22368987232676
21881267045367
21226126414872
22486650144887
21411395778995
23600980673074
25502664500223
23796234136932
24078633647121
22536325260768
23458218406953
21198016349110
22342307092076
21172724926125
19370980808190
20993967285672
21119211920909
20192781521145
22088239283721
22287467064160
22939763675479
22691178333363
24979589168832
24303556079197
22938007814917
24397104195217
23640884012852
22775756008742
22490201211070
23430484563767
25693401896303
27518744901253
28903061457109
28537635724045
28371645671643
29808621049156
31317795541178
32225092601718
33271636016657
34075434386226
32504001576584
34126635345401
33581593132105
31952121005785
31840589171259
31037069243646
32458452337245
32058040698345
32546249788754
30450862320574
32145886574542
30105081179690
30510985994135
29569527644321
30253852530532
31106904628072
31914144177032
32316817574797
30366149847626
28627207195374
27397798888320
26730169111730
28387101295500
27329673035067
25838121404501
27349939698239
25507625702633
26106472633328
24237729234569
25724432343249
25981694085713
27507388846295
27701759956463
28330748927328
28470397579135
