0
0
0
0
0
320943803
0
0
625810133
0
0
0
0
0
0
696831561
803629633
0
278614683
320943803
346567546
0
0
0
0
803629633
0
0
0
284014751
696831561
105154235
696831561
0
278614683
0
476596473
0
0
652925169
810469114
190662785
0
0
0
0
939583120
278614683
839944033
346567546
696831561
0
320943803
476596473
156430457
696831561
501273345
0
463673507
284014751
0
476596473
0
513323441
447454665
652925169
501273345
0
665300655
269109218
281307712
489165636
0
0
0
867273177
156430457
301866353
0
67523375
0
122579921
0
379783094
105154235
560678925
0
0
0
0
108091592
0
284014751
124608143
488612772
501273345
572828093
810469114
0
914382079
935087681
0
708058815
803629633
134988746
0
800364592
0
981489499
313679607
463673507
0
454310033
320943803
315862531
186436231
810469114
0
481400313
124600036
77787293
122579921
912335350
966708019
481400313
683776833
66017995
803629633
935102593
708058815
403173789
255124061
762475014
704042860
278614683
652925169
94980095
716085577
122579921
704042860
0
309291994
0
105154235
359545092
450259137
395035453
105154235
551748468
13902480
580170532
255124061
565590933
782547484
125438433
0
574563346
513323441
446194772
328918683
190662785
281307712
716085577
141411603
0
391702694
567219041
308253989
171718982
141411603
939583120
0
665300655
966708019
67523375
0
69751833
797822467
912335350
0
358013103
122579921
0
454310033
431950621
440086197
125438433
122579921
652925169
0
800364592
447454665
687516882
810768681
447454665
593356673
800364592
265348962
215532545
565590933
732924127
158203153
249014567
171718982
308253989
456181161
450259137
0
696198104
579191575
122579921
0
553469397
372950015
124600036
687516882
621993757
278919287
921779927
782547484
484369209
124600036
800364592
427889709
328918683
0
579191575
391702694
278614683
742723765
0
708412019
803629633
888393254
0
301866353
198333397
263523265
320943803
742723765
142990497
0
973731317
0
0
215532545
593356673
278919287
346567546
358445936
501273345
489165636
0
0
0
0
837179241
986728241
86671873
0
563758505
734819785
837179241
568111297
607879361
863598327
609560996
231290307
907332346
298871671
359545092
992284232
579191575
346567546
476596473
263523265
69751833
665300655
156430457
0
278919287
483774465
0
951441733
625810133
549856760
990612156
802448449
830525414
44539393
921779927
867273177
821867677
437087395
716085577
361936249
231290307
336430393
372950015
265348962
437608527
855542507
278664574
821867677
290868033
0
0
921779927
837179241
0
483774465
96690851
633216588
278664574
675217675
912190373
355893825
652925169
665300655
86671873
372950015
0
476596473
402463151
67142073
0
0
831419229
86671873
0
976403584
489165636
935102593
87366377
939583120
257466176
395035453
590993852
810768681
153150069
156430457
134827467
315862531
0
549856760
888411145
171192185
257466176
721521318
951441733
247667393
69751833
403173789
122579921
827376507
284014751
328918683
263523265
904268797
580170532
944075561
606227469
728973165
249014567
981489499
0
108091592
415898033
754581118
520049769
687997788
110386249
257264945
804811789
0
904268797
279864658
662063026
415177625
42887325
497270377
864393789
606227469
91223823
665300655
183480467
563095751
708412019
283258496
0
935102593
0
337902598
415177625
908910926
704042860
575354913
672643907
0
132705270
263615986
791786597
800364592
148653035
85656712
760873029
609470055
609470055
609470055
940898186
361936249
0
882085699
856003573
143483424
827376507
938360957
833505025
85374735
741937427
105154235
177604477
447454665
930076954
41734573
888411145
4910275
156586470
96690851
754581118
866089254
0
457946121
867273177
512834576
410541449
278614683
349674257
313808123
522412445
896436649
914382079
803629633
954643261
551748468
338815618
512834576
77787293
663456088
609560996
302610997
573777779
119096473
119096473
643312469
119096473
359545092
454310033
512834576
662063026
631736763
526643199
67523375
575354913
966708019
762475014
481989471
359827469
423215027
391818269
590620941
225431509
401783851
837820649
450259137
640283469
574563346
481400313
85656712
0
652925169
77787293
279966530
762475014
468875760
621338281
156586470
802448449
970179117
281307712
208597335
782547484
295961299
549856760
414673945
920315697
742723765
391818269
113675607
752152955
888411145
674038867
156586470
310492469
690106609
81533201
939583120
841165041
336430393
445462656
278919287
209916247
990612156
954643261
721521318
867273177
623898194
125438433
279864658
0
760873029
804811789
204980465
349756243
615653881
42887325
67523375
114734502
249014567
86831257
631736763
422283265
12631361
463104001
0
443363450
439968470
693101353
411017171
247667393
124608143
387190009
697693073
863402441
888393254
158417615
470574233
506105177
114734502
551049072
473644777
293698703
535866113
509752317
301149299
309291994
278919287
534807575
0
920315697
81533201
0
754581118
898728801
810469114
549712529
263523265
472118971
697777997
125546292
590993852
415898033
0
0
122579921
105154235
821061421
797822467
655543297
700697459
124608143
447454665
263615986
131622630
665300655
320943803
884965873
336430393
492905591
73459853
296069656
194329709
921779927
607879361
791786597
42204969
411017171
734582433
548385094
190490284
35053559
19744457
379023429
10604313
263523265
432905622
131622630
507400366
0
827376507
904268797
608944466
767235037
236443409
0
921779927
443363450
22277561
721223384
258459869
296069656
954643261
476596473
241422117
0
633216588
0
579191575
391702694
119096473
457946121
637550809
229499381
257115269
767235037
248464475
77787293
231290307
956202647
821061421
686692891
257264945
659792053
698268633
470988605
225431509
402463151
45316865
0
257264945
884965873
73459853
973731317
633216588
696198104
855542507
523956688
105547025
278664574
452964141
744119567
882085699
361936249
484369209
27345025
55622102
473576926
615653881
190490284
48017605
472118971
0
665363116
655543297
587654249
301866353
513584382
349674257
728973165
410541449
81533201
631736763
0
110386249
113675607
864393789
878469345
704042860
765177402
35053559
678300958
938360957
190490284
690106609
732924127
696831561
18230317
589275406
415898033
391702694
85374735
957364634
340949601
568111297
904586617
84513341
744022647
612653793
468601445
810469114
121651913
611641858
293698703
91223823
593356673
270956463
0
313808123
445462656
757788817
625810133
822494073
279966530
686692891
44539393
316582080
297785953
551049072
551049072
395035453
3000961
81533201
459407035
893051265
0
286421276
91257641
887445259
607879361
158203153
380923259
379612875
320943803
367485301
877205505
821867677
105547025
697693073
471091624
687997788
12631361
636067849
73459853
358683225
257466176
94980095
483774465
328918683
518448891
379493655
870782435
171718982
762868229
695237469
67142073
443363450
187772017
823390113
236443409
556312416
507400366
86671873
866089254
194423356
339163995
672748709
447454665
198447481
45316865
800364592
938360957
548385094
834734413
18230317
877205505
250568521
257264945
708412019
132852983
456181161
389382241
105547025
976827279
193273069
771429900
988572125
755698331
125438433
436437969
809267609
85656712
838723640
259392765
415177625
57491003
221013993
334748164
822494073
847413071
513943331
229499381
580170532
27395307
156586470
775121576
946903017
693101353
751249001
257466176
91257641
320943803
456181161
0
761574165
686273257
0
731305076
979046513
309291994
0
870782435
297404042
718533953
436767251
64846399
395035453
233302087
802782261
361820894
420653277
340695727
863598327
18230317
725145396
411017171
946770058
685696277
210315641
274531321
762475014
194423356
422086247
379023429
209916247
954643261
36441264
484369209
683776833
171718982
36441264
981489499
429923162
36441264
949930704
429923162
183480467
436767251
452964141
178537934
621358467
257264945
124642672
938360957
806728800
509355075
40329791
877074815
573777779
350851227
151503331
229632632
190490284
946903017
871632525
471091624
512834576
768057754
147519440
898728801
938360957
725145396
0
700697459
298871671
48017605
708412019
616851993
788719833
938427649
625810133
556312416
970179117
387190009
732924127
500731352
86671873
449500385
983904415
725992213
0
57437690
402409721
696831561
392502550
0
572828093
204980465
606227469
215532545
86671873
346693903
847638463
223900437
350851227
928318955
636856787
270956463
403060922
439725281
988572125
871632525
802782261
761574165
13902480
696198104
509355075
935102593
661055433
687997788
32550035
250267489
490761854
158203153
125438433
806728800
67142073
725992213
470890489
949930704
535866113
496500755
921779927
859118284
939583120
534807575
233703071
686273257
786892136
801894046
582117053
572828093
583618819
934453236
547155049
273445758
336430393
401783851
301474394
91223823
141942825
621358467
633216588
680345061
619034589
148001069
162878241
787820361
491092851
429923162
643312469
672748709
387190009
19744457
628768313
492554887
248464475
990612156
538159638
423525353
728973165
919754196
309805693
92804031
888645969
436437969
821061421
878469345
701567953
355893825
582117053
307088543
233703071
523410887
674038867
961971653
349279697
459407035
954643261
590620941
173373761
742723765
791786597
616841776
132852983
864393789
810469114
582755141
395035453
349146073
732924127
449135860
616156467
271737335
289740485
608992287
922570809
12434618
278678987
250267489
787339817
110386249
57491003
634228349
35053559
902860504
292516172
44539393
135701775
492554887
14823357
595935613
882085699
254725481
744022647
687516882
490787390
824333697
344127719
590620941
379493655
762868229
983904415
429923162
263066973
481400313
958708013
949930704
161517631
334748164
579191575
283589813
258459869
349756243
444418737
977580834
51863583
972295789
315471068
337075429
450482831
997067723
725992213
798845624
886075891
447454665
57437690
957364634
860622428
507400366
535866113
402409721
140658353
113675607
45097383
118360120
152181793
0
359757848
85207981
898036225
379493655
726449969
361820894
189596623
361820894
30657317
863402441
768949825
130741901
680345061
200462721
831419229
422787206
580170532
190662785
497504381
902860504
268053727
221070463
355893825
150417035
483774465
942897563
8799276
699471665
672748709
837179241
395035453
804324170
595093157
995192391
144563573
951670398
334270189
320087625
264334643
37537441
654854847
513584382
84513341
447143943
27395307
380923259
855542507
147145181
77787293
328918683
539125833
110585153
744022647
58352881
376350608
91223823
762475014
14823357
278919287
752152955
171616204
789955357
286439206
427889709
667056512
643312469
190490284
939096849
631561601
57491003
162025723
561533925
