18142566
32068459
64245168
56205923
22688738
68442737
87671605
7836485
66671082
182826397
37741239
24835130
87454099
2459029
18202528
28542458
72060067
29107485
96965442
58480283
42858256
96487677
12106884
31719020
75979943
5664313
30465756
144506301
35840833
8510931
7606631
7619073
80683309
100439364
23114457
78711951
74683375
13370413
18541505
24222593
61315364
170499621
47182508
51055626
21275701
38309401
8679814
15795123
47411184
977197
15723857
115588774
43148749
2625119
146549451
8296542
3844567
94897116
936770
1289706
20941566
124667126
43312167
78758435
6020126
13859274
25062086
16056336
152511998
30516916
293567
351529
91529483
353966
9819173
22133409
35547980
2572372
160364933
8474712
90902778
69369814
15668897
16324278
19552117
19327756
65706769
14863378
57216548
81804479
19803468
17253325
175444917
82293906
54976913
25955939
9607672
14708113
12382125
15737693
181160
20764624
9743817
11502316
10399503
139736616
40394340
4618155
156470390
83655993
28214275
7185149
95316993
1720495
108656003
4856636
67688700
79498103
7534154
35028407
112704846
11079347
106553369
148854232
162402587
79122194
5999367
18215471
58441865
26717762
37674444
9962607
84898492
7178989
26396080
75802269
5170180
90696119
12570865
58804345
118865442
106601781
165148
3433709
23253718
57380541
16000409
4843654
146678249
6134347
41921178
120888141
144011646
62947441
12600249
4611738
70958423
77829874
27052922
127941136
35766324
3264714
31233144
133929487
11493572
26271847
51192510
3838910
35545783
73788885
5215566
14036336
149101733
64179260
2430568
44879014
33872767
61978790
6167947
8719263
62497572
44292661
47624555
27871292
91541398
130141915
17787761
109473690
88630780
76707967
108760858
94452952
97589901
105189369
131626962
19857898
31087287
44768689
16198363
68133088
59869134
95901267
1153112
14358852
55187029
150995707
8504971
62497572
15276961
47324070
924431
59151572
59969566
38461228
130894567
49743932
50736329
36819025
75179959
6841109
61422134
52908526
20565818
61929120
1185369
13529119
103573034
351529
3590998
107485410
91194105
351529
55244904
40524530
96900371
40408021
126546698
16289921
20425096
809305
72688528
4648501
133251013
78178055
60969311
47566778
27142
975425
105867708
4658514
49894181
17253325
96605637
55059411
39014442
101637
824334
73089312
112467638
23467044
9786426
106724747
88727904
17728856
93915041
80128882
50748770
22293431
54740462
40020892
38439901
142978511
88247347
155415104
21632811
5731753
137913412
8327794
3584550
58327039
1222650
8046200
12921355
104302850
127080718
73364276
6964872
669371
680326
117135496
63199609
36103053
20434913
145773265
26579545
49359876
26299754
77002375
20255948
102767072
24181319
12781458
43501457
118680905
12225734
26617026
22856170
6735762
43803287
35736449
16280304
29616359
131539803
106809696
80496549
55583971
93281327
53032953
46834109
114581155
158751502
3534371
17025512
2636649
6208898
49079806
82273673
4331410
88270068
637831
68248628
41771301
16796756
17504397
105818359
25385394
5879247
28155839
71409223
121931240
20473675
58529782
62240259
52987246
12322175
88820781
15182828
15774533
4991033
4600390
43940774
15469778
13977243
95827983
7496033
37544530
177015632
37986886
75170574
102705
29428327
45913692
631803
27793705
44694676
52573642
10316755
93826468
66008664
19679866
10813023
72197542
25080655
106524665
80743268
1366529
7027050
27072010
48069977
9525606
32424392
76616544
57111143
20774425
78089735
27800657
18488609
26231490
71114629
22864939
2671055
21195763
44638630
62291055
28988558
60538833
140196147
60140407
12256232
65241913
28028336
485353
107503303
6869137
28468657
20227526
134893528
293567
90334097
73517939
140377800
51134884
3643826
12843922
54792822
21404116
31340678
49958292
58969881
23926969
497845
22616369
8917988
22904383
16122755
57978451
631803
148838381
15934696
119344423
11910779
114492534
154536053
27969337
77682714
92011632
102705
164056493
230503
3119565
61303923
34678940
12308788
12614228
46484450
70187010
20938403
7185149
28809415
34127844
4282710
41469770
60945686
12308788
157318078
44917994
71425616
19472115
55320432
79426681
39310967
129310578
497845
79481510
23269873
23907088
15159648
37343605
1209657
27142
28381099
28787736
2375918
23387853
24757662
103762057
17417731
170489209
22589427
39058169
181160
181160
58239000
105698323
55635092
181160
6424769
44813003
74876812
154902200
32386283
39308460
153720071
2730890
76163011
74637759
66484955
4309559
14680944
82668307
2988169
40797134
9985244
124679523
22837049
105747717
119560326
28532466
109690745
105348266
18777273
4343539
85594105
65910006
37239598
13985988
53369328
23359682
83401787
73636381
14817649
74273396
4195936
17688446
18494132
42311353
81357117
55976444
905751
1887376
22961076
84007584
62003204
26238507
18805548
105241396
4389635
55185230
70161654
86926080
109973793
25806687
172643648
23196532
112852052
44734208
6590422
36624487
2027480
4979058
11951776
84396447
37804641
39148171
139887059
146450
18949403
71508476
8821524
57151818
2658656
22944591
31724902
18045955
74907209
142171125
19072530
114774404
3556780
64375997
34301766
32430714
8241150
49695991
74037421
130387679
11592398
53110112
46818910
12151253
64595606
9971588
7029425
14991676
29950965
22651547
126509651
29189786
56620642
79842325
132881677
37167335
74297585
5969000
74475779
14809597
34868776
17046670
53720388
51329575
47365159
42445373
13594371
73740018
35479103
50897438
40593677
55325876
20211522
67714763
3002623
111299998
5356643
89864266
116279406
30703829
86645354
71397321
78361022
20658385
1865703
42546030
34180394
5538461
34343796
17278003
283865
34217855
124324058
32800150
38424670
13741463
99476966
42244045
63961300
50373881
118574589
3801473
141638114
62367677
43333210
20239497
55466184
16769031
49503142
27326027
174258
22526447
86817800
173471561
29177459
5706975
127747833
37982076
16464629
45935776
62526595
122318849
7619073
10497371
105411619
37364049
25580109
13457423
188966959
3749055
61157230
22146221
4326691
16868129
67856616
47360303
60081456
82348297
44209851
4429386
16685216
21609424
69434975
105548140
5563477
1919610
10221763
20794835
159024065
56291504
2988178
72401451
20518955
9694142
63731416
84179301
148116198
68491062
5618507
18215471
10441349
6625590
10409443
88787389
51024398
32630398
34180394
73386127
7777893
68167969
19307447
53707582
31552997
60394265
91308849
119780928
82221666
31242244
