2607
324
95
149
485
1381
672
327
169
683
1110
959
143
3190
61
34
228
685
531
408
843
388
428
29
2853
32
2964
13
23
103
2881
37
559
321
12
42
29
20
19
872
890
84
866
9
241
40
39
46
2722
134
681
609
1065
619
1101
489
10
3208
3044
12
3306
33
220
236
2648
116
40
61
4
2645
24
3
167
56
14
611
61
104
0
30
396
707
317
0
1427
6
21
873
2857
159
27
603
134
213
17
922
173
313
1097
1
252
74
29
0
145
5
594
196
338
65
827
574
127
261
21
51
19
37
55
3201
3227
2988
49
34
13
581
0
3080
645
607
71
40
230
6
2670
24
89
0
3207
0
57
13
0
122
59
62
111
708
48
56
54
27
10
38
116
1
1
75
700
703
21
18
22
845
1155
4
902
34
139
3211
0
22
113
3193
42
49
17
20
0
2915
12
0
68
3269
3194
22
876
17
66
0
97
52
11
20
30
50
0
851
864
450
3029
78
2886
45
481
3234
5
8
66
334
21
3
47
14
11
664
23
9
3
3134
48
0
39
0
11
3123
21
0
582
27
632
5
7
0
891
1
53
537
12
3140
858
1073
3116
3133
68
1
277
54
834
776
3
30
38
5
4
649
38
8
539
0
55
3
2
14
3235
38
0
62
660
7
3
343
0
65
0
657
915
5
170
40
10
8
1
45
70
106
3294
0
2
278
15
11
721
1
1
485
0
128
585
9
31
1445
3154
2
12
33
21
124
10
2908
10
635
13
6
465
77
4
3108
153
0
15
2633
8
15
76
689
2644
5
0
853
2968
577
4
1085
3292
141
1
2934
50
3004
26
2
595
11
10
1
27
3042
76
2
702
2660
12
20
578
2661
625
1384
9
756
190
19
0
19
18
3
98
23
3
0
27
41
111
643
10
26
449
3
38
7
10
2
7
18
25
184
640
31
2664
3226
12
0
3313
0
6
12
3136
45
242
620
629
16
244
13
606
239
36
0
3069
23
534
15
46
4
937
19
1
20
12
12
86
40
14
266
3217
0
3200
0
16
14
0
100
93
3205
0
0
16
371
1
25
80
5
6
3
11
461
1
2858
608
669
7
2659
4
0
8
3
0
11
10
233
0
2726
3
5
39
2
158
3005
0
0
14
68
3
288
9
21
11
0
4
52
1
5
14
5
1
0
770
3114
8
904
3153
0
2
155
18
94
0
3084
14
96
0
52
54
2
3281
186
0
5
0
1
698
2
593
569
9
3
2
233
113
154
1
0
365
18
2608
66
224
0
3
51
153
79
2725
0
234
24
3
3062
0
0
0
10
547
3203
237
0
121
30
15
3
2
13
14
859
187
44
27
8
2
3078
0
613
62
0
8
23
53
43
9
6
71
8
77
486
4
1
109
0
5
0
113
0
32
0
9
323
4
152
0
78
3
4
3090
26
5
7
66
4
17
5
48
933
11
580
332
7
33
24
3155
41
3
0
17
0
1
3
27
543
2912
1103
488
4
8
39
7
0
108
31
45
0
644
868
74
73
0
8
0
0
3287
2910
1158
0
154
0
5
1
19
241
13
41
21
151
9
1
598
9
588
82
88
455
838
247
19
12
0
16
8
0
0
34
681
676
3
0
622
0
0
0
10
8
9
73
0
2
33
53
23
1159
73
2
2
0
2
80
3073
743
17
8
0
9
0
0
617
15
5
92
183
5
487
28
60
257
1
15
3
2672
0
176
3
0
12
675
3159
17
32
7
28
48
0
3238
222
1
0
50
5
70
19
0
2
3
46
0
6
2649
24
0
43
1
3230
0
0
36
29
6
2
0
3222
52
19
944
26
3212
2935
24
10
598
5
49
256
368
0
225
16
31
617
2932
0
3
35
2
3232
394
49
15
647
5
0
1
1
4
4
1
462
5
0
3237
1100
0
59
3246
3067
1
759
3202
359
7
3
238
6
2970
74
0
671
14
1
27
0
1
1
179
8
0
0
11
4
1
0
855
26
0
29
13
1
0
1
0
0
0
1
3
29
11
0
3
2882
0
2
262
3150
67
10
0
7
34
7
87
0
2
0
39
3271
15
0
61
59
79
17
0
71
2
0
0
6
6
9
704
0
346
7
3
0
1075
2
77
3
1
0
126
168
69
0
14
1
2
16
3199
1
1
10
0
762
2
4
0
0
3131
130
0
1
39
0
1
1
52
0
4
5
18
0
3
670
6
0
6
26
12
4
181
467
41
2
1
3
28
7
0
43
0
106
1
0
4
7
49
912
24
254
867
5
7
0
76
0
16
2
5
259
32
0
0
15
4
0
29
2
778
6
3
1
22
4
0
2
3218
1
21
0
58
50
4
28
16
10
1
3041
36
12
31
2864
2
2646
7
2
22
0
2
0
0
10
2
108
100
12
749
4
0
2641
0
3
14
1
281
0
916
0
0
3160
0
1
44
1
38
11
0
37
3
830
0
0
22
0
2924
2974
3
4
36
351
911
0
30
1
45
3
4
0
104
2
946
158
0
6
0
3291
4
3
0
23
0
395
0
591
0
52
0
1
926
2
1
8
943
21
635
1
364
4
0
51
3
2
8
1
0
0
5
0
390
17
5
12
0
1
0
11
572
2
0
8
1
0
5
283
1
157
1
10
9
3284
2
331
0
7
750
0
0
11
573
0
0
4
0
10
22
174
3141
0
4
0
4
1
0
3
38
0
0
0
3
374
0
0
0
883
1
380
0
79
18
1
2
837
536
100
8
0
3053
2
64
0
0
0
3242
0
77
9
9
330
12
224
7
6
0
0
391
2
3
0
30
2
3
0
0
0
641
5
11
3071
4
0
54
0
6
0
9
0
0
0
9
6
0
18
0
8
0
2
0
5
0
640
7
4
3
608
647
0
0
0
631
1
0
4
0
24
49
0
71
4
0
0
13
4
1
0
11
7
0
1
1
162
0
19
881
3
6
177
7
5
1
10
3076
854
0
6
16
0
0
0
102
856
5
0
0
0
0
0
23
14
0
5
3
3
0
10
64
0
1
646
5
0
882
9
0
62
316
2
108
3244
6
2
0
345
0
4
2917
0
7
7
6
7
724
2975
30
8
1
58
0
137
0
560
746
0
0
10
14
2
0
0
2
16
777
0
0
6
105
108
3298
0
2
3
4
0
12
2
596
18
1
7
29
21
0
52
0
2
0
9
0
5
28
8
0
0
0
865
2638
896
0
8
14
12
32
48
0
0
1
0
19
0
0
0
0
0
0
11
16
3
11
7
0
6
0
0
1
91
0
725
3
1
0
969
0
3210
7
0
3091
0
941
540
1
2973
0
25
0
908
350
6
4
0
3
2637
0
0
0
1
3
9
28
23
0
3
4
0
0
0
59
9
0
5
17
2854
392
58
4
229
370
0
18
0
12
857
895
1
69
0
4
0
430
2
0
76
2
0
1
1
0
2914
0
1436
0
4
0
0
286
0
757
1
20
0
1
2933
6
0
761
1
1
0
81
768
7
0
6
2
109
0
6
42
0
2
0
216
1
2
0
12
3124
1
0
0
0
10
0
0
35
457
8
8
6
26
77
179
1
154
2
0
20
0
13
4
3
174
0
4
6
15
47
1
8
2862
0
5
47
3
6
0
22
2665
5
0
0
0
2671
1
871
2
0
0
6
24
0
6
10
0
12
0
4
0
6
898
3152
841
7
0
4
75
48
0
22
4
2865
0
72
226
0
19
2
2
0
2
0
0
0
14
3
748
483
3233
0
0
0
0
25
0
710
0
0
938
6
0
930
20
0
31
53
0
0
3
0
1
0
1
948
17
0
0
1
5
3247
8
0
0
0
0
2
4
753
0
535
18
0
0
0
0
0
0
4
0
758
10
0
24
1
1
0
0
0
0
1
2
0
0
3130
0
0
7
0
0
54
1
9
10
2
20
315
0
0
3219
2
0
0
1
0
1
2
0
552
63
2
0
2
51
8
1
1
907
0
0
4
3
8
0
0
0
4
0
4
0
5
1
76
3
0
0
0
0
0
13
1
0
3288
567
0
0
1
4
458
1
4
74
2
0
0
2666
0
2
5
6
0
12
2
0
263
15
23
771
0
5
3
3082
2
3239
3
1
639
586
745
0
0
12
14
7
0
0
0
2
0
44
0
964
0
0
0
2
11
0
47
5
0
0
114
0
0
0
0
1070
0
0
0
1
0
0
0
8
1
36
156
0
7
4
146
33
52
0
2
11
4
225
0
0
0
0
26
218
187
0
0
0
0
0
378
2930
2
1
0
0
6
66
8
0
2
2
411
0
5
0
1
2
0
0
0
4
1
0
5
41
0
59
2
0
6
19
2
3070
16
0
0
0
0
0
0
0
0
6
9
0
0
1
760
16
3081
0
3
13
0
16
0
0
1
0
4
0
1
0
0
1
0
27
5
33
160
5
57
18
0
0
2888
1
11
255
5
0
0
7
9
6
2
3
125
577
2
3
0
1
0
33
0
1
0
2
8
9
3
160
0
1
0
4
124
727
2
44
9
0
63
14
0
221
251
3
0
2
1
0
0
1
0
1
0
0
0
0
0
850
0
0
60
11
774
2
8
4
2
214
0
25
17
663
0
0
1
0
0
175
1
0
0
12
3
10
1
0
486
0
1
1
429
1
12
0
0
0
0
3299
0
1
7
0
1
1
940
1
0
1
0
3
0
0
1
3
2921
117
2
0
1
0
0
0
0
3
0
1
15
2
4
1
0
14
2
2
0
570
1
17
44
0
0
0
0
11
0
0
542
0
2891
0
18
3068
27
0
2
3
0
3
0
3
0
0
0
5
0
0
0
0
0
11
0
0
844
3
7
3031
0
0
0
0
3
0
893
0
0
599
2
17
0
0
4
69
27
0
8
25
2
0
2
5
0
16
0
2
1
5
35
656
0
2
0
0
12
0
0
0
68
0
3050
1
2859
0
372
13
0
0
28
0
0
1
0
4
0
0
101
0
0
30
3
0
0
0
0
183
6
0
0
0
5
5
1
0
684
0
0
3231
637
0
0
1
0
10
0
2
4
0
633
2
7
3093
1
0
0
13
2
0
0
0
533
0
3030
0
0
3079
0
0
0
0
8
0
1
42
0
360
0
764
0
0
7
3077
0
0
0
3
0
15
0
7
3
0
1
0
40
8
6
5
130
3223
1
0
0
0
0
0
0
0
0
0
0
1
8
1
20
0
0
22
7
1
1
63
0
0
0
0
2
0
3
618
8
10
4
910
0
0
2
0
375
3196
5
0
0
0
0
0
4
0
3309
0
0
16
0
0
9
0
3087
1
0
0
0
0
1
2967
6
7
3063
1
2
1
0
0
2
1
0
0
0
0
0
2922
0
238
0
0
1
15
0
962
0
0
0
639
0
0
2
0
0
15
0
4
0
1
0
2
0
0
55
0
0
3286
0
0
0
0
0
0
14
0
23
0
1
2
0
0
6
7
0
1
1
1
0
0
0
53
153
0
0
0
0
2883
0
342
3224
0
2
0
0
1
7
0
37
13
460
0
7
0
0
0
11
90
0
29
11
3
11
1
1
3
0
0
10
0
835
0
3
0
0
0
44
2
673
0
9
50
0
1
6
369
0
0
0
0
0
13
0
0
0
138
2
0
13
1
3045
0
0
0
0
600
0
1
44
0
900
0
0
2925
532
14
15
23
2929
0
3
89
2966
0
0
0
8
1428
0
0
1
0
176
0
0
0
5
0
75
0
0
0
107
0
0
0
0
31
6
10
112
0
0
0
0
263
0
0
1
6
0
3
1
0
0
945
33
2
0
0
0
1
8
0
0
651
1
4
0
0
155
0
0
0
0
3
0
215
0
0
0
0
6
21
0
0
0
3
0
0
17
2
0
0
0
2
4
0
25
0
0
0
0
0
1
11
5
16
0
0
548
0
965
2
0
77
0
0
117
0
0
325
0
0
0
99
185
0
0
0
0
0
579
220
0
6
0
0
0
0
5
0
0
0
57
0
3
0
0
0
0
1
4
2
1386
1
2
0
2
3302
0
0
0
3310
0
19
0
0
0
0
0
72
0
0
326
0
0
0
35
2
0
0
0
2
0
0
0
5
24
8
2
2
2
3300
2
0
0
0
51
8
0
0
20
1
1
0
7
0
0
0
1
324
0
0
6
0
3
9
0
123
0
0
0
6
0
0
0
0
5
0
0
2
114
0
0
0
8
0
1383
2
2
0
3060
1112
0
0
267
0
51
0
5
21
0
0
0
0
2
4
917
2
0
0
701
0
3
3
0
1
0
0
0
0
319
10
4
0
0
0
1
0
0
32
0
0
0
20
867
12
3
0
0
4
1
0
3249
3
0
2
240
171
136
2863
0
0
0
93
0
10
1
0
0
0
0
0
46
0
0
0
0
0
0
0
0
849
0
1
0
3
6
58
0
0
17
0
3118
1
0
0
0
1
0
0
10
0
9
0
2
0
0
0
349
18
0
0
0
2
0
5
0
16
8
10
0
0
0
3
3
0
10
75
0
0
2
1
16
0
0
4
0
14
687
2
3059
0
73
0
636
1
4
2
0
609
0
0
0
1
5
0
0
0
6
0
2
4
0
3
0
0
8
4
0
2
0
0
0
0
18
0
0
0
12
574
0
4
24
0
0
0
27
3
1
150
0
60
1
0
1
0
0
0
0
37
1
0
0
0
0
0
0
0
34
1
0
21
0
0
602
0
6
2
56
0
0
0
15
0
2
0
0
0
5
15
1
8
0
0
0
80
0
0
638
13
0
0
0
0
0
0
0
0
0
0
0
0
1
7
581
0
0
0
1
0
0
21
1
0
3064
0
0
0
0
0
0
0
0
0
0
0
685
1
1
4
1
0
0
0
0
0
0
0
4
0
0
0
0
0
0
616
0
0
1
0
0
2
0
0
1
906
1
0
0
0
3
1
0
39
0
314
103
76
259
0
0
652
0
0
7
0
127
0
0
0
0
0
3
0
0
1
0
0
0
0
13
0
0
0
643
0
0
0
0
329
6
0
0
7
24
0
0
0
0
0
381
0
0
8
0
6
0
0
41
0
0
0
0
0
103
1
0
161
0
3
14
0
0
0
0
0
0
0
0
1
2971
0
0
0
0
894
0
0
2
0
1
245
0
0
0
0
0
0
0
929
877
0
0
595
873
1
53
1
12
2
0
0
0
3
0
0
1
1
0
0
0
3122
0
1
0
0
0
0
142
0
115
2
2
12
107
1
27
0
0
5
0
0
0
0
0
1
592
0
0
19
0
20
0
1
0
0
0
253
118
2
0
0
0
0
0
0
56
0
0
0
8
0
0
0
0
0
0
0
4
15
0
1
0
0
0
0
0
17
1
0
747
0
0
28
1
0
0
5
0
0
1
0
0
0
0
1382
7
0
21
0
17
0
4
0
0
0
0
15
0
2
5
46
0
2
0
618
0
5
874
0
0
0
0
840
0
0
596
0
1
0
3
25
1161
0
42
1
0
0
8
0
0
3245
0
0
161
32
4
0
0
48
0
0
0
654
0
0
1
0
0
0
0
2
0
0
0
0
0
0
0
0
3
0
48
0
10
0
31
119
0
0
0
0
0
1
0
2
0
1
0
0
1
18
21
576
2
2
0
0
0
0
0
0
1099
0
45
0
899
0
0
860
0
0
0
7
3
0
0
4
9
1
33
0
0
0
0
836
0
1
0
43
0
1
0
1
0
144
3
582
0
0
0
1
0
0
0
0
0
0
0
0
17
0
0
0
0
3132
0
0
0
1
482
177
0
0
624
0
0
0
8
1
0
0
0
0
611
0
1
0
3248
0
0
1
1
0
0
0
0
0
0
3
3
24
1
0
0
0
0
594
19
1
12
0
0
383
0
0
0
2
0
0
0
0
0
7
0
0
5
0
0
0
1
682
0
839
0
19
2
2
0
0
0
79
0
11
0
1
13
0
0
0
0
0
0
0
53
0
0
0
0
0
20
4
1
10
0
3
0
2
3
7
0
1
0
4
0
0
16
0
0
285
1
1
5
2
26
0
0
0
0
0
255
1
0
0
1
1
0
29
0
0
2990
0
0
0
0
0
33
1111
2
2
0
7
1
7
1
1
0
26
0
961
0
0
0
0
22
0
0
14
0
0
13
14
0
0
1
0
7
2
3126
1
0
2
13
0
0
0
0
1
0
0
1
0
1
3049
0
1
0
3
0
0
674
0
0
0
0
1
0
0
0
0
0
0
0
0
1
0
1
0
40
0
0
2
0
0
0
0
0
0
0
0
0
0
0
0
0
257
0
0
0
3
0
2889
0
0
0
0
0
0
0
1
3
0
6
0
0
0
0
14
3191
2
604
0
0
0
0
0
0
1
0
0
0
0
17
0
0
0
0
0
0
125
0
0
362
597
0
0
0
0
913
0
0
0
0
0
0
4
3197
14
0
23
1
0
0
1
0
0
0
25
0
0
0
0
4
0
0
15
0
0
0
1
0
0
3
8
0
8
0
1
0
0
0
0
0
0
2662
0
0
0
3
12
612
0
0
0
0
0
0
0
1
0
29
0
0
0
0
0
0
57
0
0
0
874
0
36
1
0
0
1
0
2
0
0
0
2
70
1
6
0
33
0
0
0
0
0
0
0
0
0
1
0
0
0
3
0
0
30
1
2
7
8
0
0
1
0
1
0
0
4
0
0
0
0
0
0
0
0
0
0
0
0
82
0
0
0
1
328
0
4
0
0
0
1
0
0
0
0
7
3195
0
0
0
0
1
0
7
0
0
0
0
0
9
9
0
0
0
0
0
0
0
6
0
0
0
0
2
13
0
0
0
0
0
3
870
0
0
0
0
0
2
0
76
0
0
3
318
0
0
4
0
1
0
3209
0
0
6
0
0
0
2
0
0
0
1
5
0
0
0
3
3057
0
0
0
0
1
464
1076
0
5
0
0
0
1
1
0
0
0
42
0
14
34
0
0
57
20
17
0
0
26
0
0
597
0
832
347
0
0
0
0
0
0
0
1
0
0
4
1
5
0
0
0
0
0
0
0
0
0
0
1
1
0
1
0
0
0
82
0
0
0
723
0
0
0
0
0
0
1
0
0
5
0
3
0
20
0
1
2887
0
0
0
0
74
0
77
0
0
18
561
0
6
2
2
0
0
0
0
0
0
0
0
0
9
0
1
260
620
0
46
0
3
1
6
0
0
0
1
0
0
0
942
0
0
4
0
354
0
0
0
914
1
49
0
4
0
0
2
0
4
0
0
3270
0
0
0
0
0
3
0
0
0
0
0
0
13
1
0
0
8
0
0
4
0
9
0
0
12
0
0
1
0
0
0
0
0
2
0
0
3
0
0
9
0
0
0
0
1
0
0
0
0
0
0
0
0
0
0
0
0
0
0
0
0
0
0
1
0
0
0
0
0
0
0
0
0
0
0
0
2
332
2
0
9
2
1
0
1
0
0
0
0
5
2
0
9
0
0
8
5
0
0
0
0
9
0
0
0
0
0
0
0
0
0
0
0
0
0
0
0
0
3289
0
26
0
253
0
0
0
0
0
0
0
