3903579
17813822
593928
21402489
24774557
13857638
26343198
15608949
21185187
1383768
30556209
4813404
29671113
1136448
22823883
19573713
14006679
28640718
21277455
20365820
28026719
10574505
14285007
24825573
25483911
25415349
29956833
21496789
19578771
16089034
21934838
28173339
17264682
28762402
23211915
11278161
12197406
15624990
14482509
25310961
5956878
14689884
2073352
5726825
16404913
4691038
23782989
6233160
24742571
24966940
17263386
22805813
12090228
22454634
7460202
12325395
2362733
2607008
2100493
29801393
12770136
16690705
26424759
15553467
4850820
22927109
28556423
23670644
21033063
30560340
21946628
20604936
20831934
8682120
30286830
395127
11910951
27484155
17670795
24873704
12227247
17021968
9080165
18324176
24293637
24025115
29893602
1147625
25714094
30305661
843240
30026049
18855516
21141877
17006063
2661174
2937699
29117844
6585893
30211744
14160379
2722533
2516352
21555554
5895728
27951484
19923635
20989002
26958882
30517114
18784387
30207766
24986243
296965
17709612
22464901
284367
26941604
395954
23891943
10233217
23824848
6984444
25302202
30766821
18861918
30646143
7869306
1339654
5098436
17068592
30373633
27519573
28866910
26152800
19783742
14246082
17513803
8044062
25829544
20760309
8630070
29837337
19645446
24786180
8301089
11235221
2933880
2128437
15014535
17335647
22933745
691585
18622863
15841275
11140409
28196549
30331869
18571999
15046705
27583281
10944988
2301798
10416662
23160555
23045965
25371369
28820669
3568650
22418700
3834363
13067883
30896337
8614714
23527538
7596862
22243575
22759703
12315053
8393509
14715196
14558923
6511602
15392778
26656304
13790151
29078775
26660485
5552256
3862761
10756827
8475086
23093532
12307396
11937661
25487451
4332946
22139663
8450775
30236976
25072224
9421613
22401252
4582497
1767621
9925650
12986380
17415210
3479355
20237904
8119545
13935834
24142362
8794483
27603613
18145356
15047718
5901999
22210315
294235
11235221
19390134
24930891
13568067
11785710
25517310
21869298
9316644
14811055
21981090
24419768
7845483
16544756
3116581
19877401
27122331
8534297
6147508
27725925
21143268
10341363
2861976
30167310
15143416
19404658
4239776
25967988
22165541
9569939
12914773
29372910
14720542
20376216
17089340
17043423
26501952
17920709
29816909
15489081
6111489
23943608
17219698
29421526
26507610
23274506
12209885
24446256
17311994
22767918
21387786
14906898
8421901
17447679
30936986
27173052
19218888
19655836
15097653
12536113
18322772
22381140
27762515
28227085
30560340
26835255
23283238
9732924
24583550
12738233
10571635
26693670
27748264
16694673
5109075
29255166
5181391
24499052
26660485
30131211
28183336
27577943
8707606
23274506
26075941
6768969
15380415
2518518
25713069
13932368
24499052
21243204
26359253
11959336
10833194
4573784
3189774
2452122
21354381
16591456
14894304
22178643
2563509
23045965
17862002
3894045
19475994
23011782
2392584
30303250
22276878
18859677
7447153
16427175
8513426
1630518
17562134
28474920
8513426
20077665
28738367
15239922
22102317
19609551
18781554
23204316
10302469
18782074
17969964
22810152
4571565
10473532
2879283
16589424
19537143
22373502
22392413
16652835
15493698
5370334
1963382
21721415
2453463
14652000
16873976
3280464
29298484
19773888
568225
5343240
3179835
30799029
27206880
27806766
21681045
29340811
9290558
5927433
22040658
3222759
23169801
26922108
25041132
9219738
7235105
11852616
12014014
21310085
30796236
29974743
7049672
25700321
21391082
3585502
8854807
361070
28766514
5890586
20043384
2812833
17661765
9342570
8781068
18022017
20811201
17829600
3255802
27451440
14085777
4669380
27118975
29855976
24977736
22187364
8854807
30049023
9954600
19727961
1145665
12642018
15715515
8311628
27538395
10957429
25682332
28923029
7532875
19465905
17042159
1646028
6133666
30789895
28576668
1808205
10897391
5759892
5664050
5114478
18093235
15208428
19093814
21913054
28620008
22051464
17890172
27828905
30236976
600463
28056045
23002309
10884003
9761845
27756492
19856521
9822724
31032298
5735779
21938203
20996469
12457901
26268415
23168760
27690864
29229642
30512271
1044166
12723624
317661
815260
2889351
263420
12073455
2733725
2298935
15143416
10708129
8436989
18402110
19935939
8931002
8015288
25451865
3399599
19374558
903087
15197250
20919983
28896977
28570444
28455864
12436853
8473005
18983282
30494334
26989873
27846217
22707246
27551255
6772920
14095514
13591273
23309739
13455316
30562872
4421799
30488361
14453185
27708009
11642625
5086711
27753169
24635942
9627732
10071833
4588743
28332882
12766479
14359188
26685978
2622347
24822226
7861266
9886945
21015675
24419768
8750744
6982146
14990596
12651102
15577971
4456557
10548711
8001859
7987253
9491642
8264754
18535012
7877994
24618027
8369049
30209103
22397655
13096966
10350174
1344993
23416184
22779940
17387934
6792909
11535993
12027151
4798506
30026928
1026262
519694
4910232
7436651
13652502
30620811
28369617
16849871
24702519
29472775
16199693
3437958
5181391
13671488
4308697
2119892
14958924
1774118
18823707
4256714
12927564
7220802
13219435
11954189
23505555
3073755
18851946
23321897
17058097
6782917
19267178
164249
18326022
14886370
17882729
8812035
4497861
19461439
24387156
21630277
25229913
27564265
9407014
11190571
26279976
11212518
1620847
4483801
18564738
12898076
17746384
2631059
14753178
3561465
23185803
20636253
17962806
15985437
12530988
8632342
3077718
1875224
20697247
14593390
23865824
8872267
3339969
28576668
7112930
18322772
13849991
29404465
9447525
3115240
15143416
1174020
2333242
23055509
16318683
30382456
7091832
19197996
24954235
1774118
24423438
10455713
5735273
522084
14686456
29771029
14379849
27789851
26597709
4256714
1958468
21871986
23979270
19636685
15622781
12572448
8639310
4061688
14306547
1741295
8119545
26659857
30240930
17490487
8547648
7474060
8073774
6807729
14811836
519525
939220
9728345
28845131
13956206
3030291
21839979
8632342
13686990
22698060
10302469
29110968
13701180
17957709
18944790
27999135
28364948
24022908
15990241
10560243
9796644
1958468
17007547
19806588
3310944
23410868
3791418
9835454
9097809
17256087
20529379
24554082
7222752
16588944
19820333
10018641
18630228
29219659
13309791
7524447
8614139
14046138
30980116
19486430
11557100
10689885
19723225
16872778
8894090
9144360
25978396
23952144
30456988
26936637
29433623
9421613
20987393
4579926
6361813
12734638
20818819
15838929
18506589
14175158
2759125
421621
27925976
28738209
19385852
3534405
16015274
1150900
18237787
14971473
26923392
24387156
11705435
27152454
9891872
28194178
8232682
8818547
14686456
9970427
17780598
12014680
22577625
6338412
25803387
815260
28601403
4819962
1545075
2945294
13903384
22805903
13352580
501970
30509766
30946299
16706359
19459164
24166741
19758438
30301992
23486852
20813053
19532324
20422710
29253012
23350088
5898975
22463693
4072551
6639090
8708625
546183
9658768
18158452
27551922
4331312
7991118
3363637
24482591
6835745
12585779
19225461
11351240
11126540
29926693
6911452
21823047
21739209
10014431
5113122
10189314
30249771
29987186
24059777
10731968
27889957
4779035
14062527
25537745
30782878
2207304
16515114
9728345
9151542
28063872
23285889
27273320
20922244
16292660
19339413
21754828
1875230
16379053
12611967
10418100
13250977
2289964
19257023
8434965
30150319
2864502
30655692
13348374
13530112
2602388
22576481
15151626
13845433
4177294
18641963
9079227
13479442
9163012
11938104
6034082
31076873
26769057
6966904
13210107
5208332
22334337
7000963
4341070
13477476
23086629
7866142
27951484
17259249
26947260
19168482
6771462
18719988
4609870
5437512
27066452
18402110
3398373
12867463
19697117
4475341
29099896
13590197
5909865
24306526
25021092
9879220
26223261
23616921
25230910
12520567
11027262
4962826
17979035
23991752
7372677
24893519
22388339
1557621
25537745
25443679
11708093
4496625
28307570
2618141
25060109
13903384
16543440
22875952
13230006
28147318
29128057
21369209
21016091
6286225
6957573
12223129
22851312
23616921
13811973
28102743
9643411
15237758
15992983
30209103
3616914
27000870
12627713
3327167
24402501
4815170
29156970
15689002
30502044
30613857
22489473
27199646
26253637
3435286
20667783
7047758
7781478
4638979
18072312
4586671
15525195
11136858
30120396
7291491
6958545
11255795
7123045
12651105
4078137
3066834
1440105
6937818
17921962
18115370
28307570
23383895
4710093
18502414
29320830
27794333
2163351
10693894
11836284
981692
24968536
26749605
9163012
2944419
8326053
6967918
30232943
13346836
14330391
6321010
3492223
14579534
8877216
6109217
3633539
16805735
13767429
3066834
29504257
20825950
15143416
12064470
28956969
23062050
11037003
4475341
9541641
7683120
22954815
3046269
27499737
18322772
26477804
13077897
29538268
4116342
19913346
15490059
19365663
25094011
15283557
13878247
7261512
11703993
18334695
4237544
26652874
18942562
6281160
2411278
781138
11389971
10368980
10118953
24242604
25208404
26946644
17717135
18777839
16161132
9793258
28237038
21907814
12420160
1706916
19555388
22060753
28068752
25325554
17931030
23741535
21047907
22576481
4608615
14061360
4503360
1313906
20655306
20064274
27179075
7315506
7447153
10074053
26432779
30613857
14031940
1218127
30794833
20859030
3603754
20651418
24627662
21480458
29941073
12030219
26379220
3073755
12875148
29923440
6797436
9282370
26771151
26576606
14125625
18018025
24073758
11783052
23105352
8048972
16112513
25139434
8708854
26826938
2399254
11449917
2556562
8480988
180536
29305293
2399254
11557100
26436949
15774157
21119665
25060109
29435864
1649088
1801878
13217772
887060
7431003
16195767
13494465
18952459
8989208
3938998
25343476
12983998
8534297
6179322
3640113
14621232
17455879
27430192
18848673
19404511
4559196
12313832
23729462
3372663
26294194
17948930
17975242
11186752
11405077
19220096
26341574
10415968
19948962
11763770
7160855
6449039
20574614
11687751
15621280
30518262
9983557
13253806
656954
11383960
30782878
9673553
28894971
981692
16669803
2374318
24280430
2613647
6795889
24907831
7812258
24060409
22576481
28351515
22700307
6676291
26408305
13147098
25750219
14509699
259359
11349031
6966904
14787435
14693774
27039852
17470135
9601071
10333738
29080740
14227933
15179190
28020052
979235
14905362
9158240
3830749
6194533
16951341
21369209
24242604
656954
7757198
4701409
20626515
4699782
20073036
8960982
6471295
4706548
26888851
15215924
13288304
11206224
28755087
2164604
16967912
25781991
23197442
3321231
5833620
8655998
17485723
21748314
13073043
9922764
8007597
17964842
12857048
2426744
25229877
17858187
15897444
22407567
10989003
18402110
14402789
7948723
19063536
3906130
2845263
30655172
10011677
22844780
172908
3906130
26824488
2008630
23486981
10562160
29462253
30457366
28868655
9036329
27927897
8982422
30517117
2425411
390570
14900539
27388925
8513433
21488915
28620008
19947971
7357599
30150351
15641146
6334959
28351542
22276878
11505892
1099394
26698968
25132158
24374095
2017363
9390479
2533704
6153699
25930141
15234210
7326596
14710764
993303
2426744
30526069
12223129
7630197
16661369
3385732
17833072
18322968
12037380
10988497
26579106
16772094
8295811
6611304
5175088
8079522
7920504
18787145
16543440
8891346
15682155
12841911
30725514
22779954
14884873
3534084
27230645
18804180
26477804
13073036
17833069
11864732
25325554
30156837
5494950
1442720
23698039
18410031
28194178
6385069
6676291
12955163
29895995
27547127
23720504
19460801
24657591
31041321
22634601
13874136
14383258
13219435
3933072
9546908
21959722
18090087
27118978
29307895
6286225
13439547
5209051
19944715
4999896
23531425
30517114
29461806
17766976
15909835
473997
23383895
13906022
27152136
27347158
4880954
28621744
18406334
17824480
26946644
5513632
20992761
9421613
27131599
5225181
28456812
445458
16880781
2088648
21318415
25117080
29677962
7343631
3998748
27005570
10879124
14095514
5318938
19353796
21650092
3419400
27739948
23638544
18831644
18823761
21553807
2145231
14986087
19893010
5209051
16258750
11093683
25491173
21910958
1251027
25047927
29566720
14920762
15727946
5280338
20364105
18935152
27495433
2947868
8711924
22927097
19689242
8873196
24943878
10440459
7289768
19455486
4177620
7247949
18402113
26896738
17992356
15324891
28153654
5039532
10769394
16524122
6367320
1301195
11253856
3672840
27333440
12983995
19944715
18050871
24419768
9797682
11209351
16849871
2617602
7854711
8534297
20034054
5967025
18490959
15745481
7582805
14022044
18181956
10014431
3914133
11020330
11300504
26223302
10707470
3890740
20404288
10188109
7291420
23917268
15516150
13076401
10877415
29128235
11322358
17890172
17868918
937613
27547127
30773007
4173447
30663867
21818660
8631694
3889082
30855732
5928648
12536122
21270811
6617102
24369583
6026304
15528288
14581326
28896977
28935201
29433626
4633860
24637665
28422297
18234837
10973315
21397893
14433456
1720143
26035078
18101426
30996936
28277849
5909205
16758553
20892762
8693621
11637254
11708093
25803387
30671128
16010724
2998576
10083449
24499052
13585392
22742472
24564133
20226525
887060
4779035
2351055
24547710
29530112
31070456
18129393
15228791
12558541
20831592
296974
13448370
26177425
3910791
15775696
21156308
13448373
5483751
31059358
30603746
18960543
16708106
9282373
16845521
14073660
7941831
14175772
23350088
23865115
7890858
3960253
15161650
14743569
26941649
15257019
25221529
17843005
11505895
12613353
9111345
12989199
13270002
9315115
10031814
2426744
23087524
18408639
19304648
21575425
27794333
30966802
9980721
24295599
2904462
9982385
22703893
23511107
7160855
14546573
13537128
15310136
13356038
17923777
21156311
16930485
6421937
10967420
5918143
29419955
8783939
14716814
17007547
9702330
16688165
16111530
26146896
6928820
19701724
11715963
23943277
30398347
9310070
5563271
6157210
25263196
4645280
2650566
5788082
10740230
19963392
22143751
30241602
23809146
3398719
13362258
10279563
22927097
25500515
17829949
24864635
3528599
28153636
21311407
3633539
14843418
7987253
7352005
12164673
3308552
469611
30857216
18144611
18935152
25032249
30470673
26131294
1415381
22134004
18406587
22927338
25448867
23751915
20545913
2171089
20529058
6395643
17717135
24482591
22542037
3053286
19486430
22295577
21263656
27739948
9862117
7290664
2557243
11533134
10253619
10321824
14946802
15090735
8048972
26749069
22924915
9024754
17878554
4655036
5568430
16240287
12989199
13356038
19903986
3455727
5788088
6045115
12640364
12327308
8609850
5898975
16961329
29941073
18493300
28503768
19162672
2718760
25281351
8007638
7523863
13238903
21310583
17699407
9374242
1553483
25060983
28015815
1266853
1700929
8202139
29677622
2345520
2186984
20588307
22427270
3889082
25160421
9835555
16847768
12955163
8886641
10326056
1099394
19160936
10740230
23095823
21380466
16187993
30102726
15657945
23283032
18947400
21959653
1967335
24692001
26947246
22703893
7731492
19385858
8906912
25918852
18942565
23772785
20419620
4276599
4116342
5700851
13845433
14579534
4977301
23327686
13576069
9267507
27039861
16991642
17301593
26569074
14663689
2894042
6843496
4481559
22322731
19133260
6984614
8436390
18767118
7863974
6210081
11926503
11371237
4831968
14415075
105579
8974466
28117770
16349121
6536119
15685815
3645711
26827510
12536113
14433459
13275566
13406849
25704126
9972618
18253316
29962248
10429516
9982385
8285561
9028038
29652240
21156308
6010259
28641126
13725540
25410883
19119125
11446145
17615135
7179598
7588943
3305653
3481211
4436599
13141431
22910482
27079358
26734904
15691686
22444840
26016957
1213373
16433363
20530479
29915061
18947400
17045185
3636045
24930891
14182475
27409465
28837552
776951
18865713
9584245
7696390
28270615
5353736
11190571
17858187
10083449
8483957
14960113
3235664
3625010
1213373
23287680
4760424
19982018
21185991
27144655
22681216
1808458
30861769
21291645
25240953
22397276
2088811
28213330
17053843
2738247
12651102
5238345
14320564
13491999
15301874
13328153
3373467
20360403
23891880
24927617
8693968
12268807
29469832
6010259
1187160
10211359
13342990
6985509
12758656
18227826
30502044
23535189
12209885
19493253
21494173
5238349
12500032
9391038
12549140
19254199
8960982
19300921
28868626
29323008
12981291
3483453
12410945
4687122
20768151
11016600
29517939
22397282
22102377
25651960
11340609
11541543
26589856
96523
699224
25918852
25373028
16620373
18522210
8099208
13473624
22427270
10734636
8544671
7635075
5024932
21016091
19913346
6792697
16854236
4049605
8035581
19735452
26036932
3730102
6652429
25537751
1617833
2964325
23511107
13066925
5439563
9577605
9869758
2938276
10091490
19974834
16708106
9937934
16390152
21418743
25947740
4898842
29805388
15133540
12009202
27992613
11954189
13052541
1913297
414959
7688758
11971805
12603074
26116853
2201520
19189343
390570
14111289
3615975
25832851
27305451
5969053
12317972
10956528
12465289
27409465
8124821
30102726
30796261
493562
26197905
1205472
26117736
10275888
10189047
9610052
8354054
20381604
19599969
30889957
27158986
28326968
22569961
14558923
7310617
19165877
7495299
9702330
5184491
17319439
12631602
20520543
11463670
27354664
1473935
21261770
11110822
20544536
25151428
24487738
20100236
23609100
26734904
29233160
414959
8344908
938235
4036888
13275566
18942562
15697531
4655036
25387256
10695542
8195077
1594891
10325710
27001155
27565953
7580826
27425090
23024434
15327847
11705435
2767845
7791836
13139989
21553807
30936828
29816909
7641451
12217014
3906133
12223132
6111567
3066404
2944459
25491225
17240349
15428609
22018182
13576072
16164211
8960982
27282078
4813870
25837545
28413807
2409982
11286992
18774345
22463693
25554500
28868626
6894244
6353830
5675621
22910482
11213636
9891872
19460808
8544671
7424574
20383311
13052522
3280019
19930667
24397265
17211830
15143416
20529058
12686515
3889082
23503344
11743427
23493615
8048988
12510547
4917728
23464275
20375474
6250017
23741157
9829048
13539680
7764145
18101426
19168482
22465740
22811984
721361
26827510
3545917
28672905
18377745
22594342
11138440
12411114
8996312
15120802
19919121
20655306
4489653
2978440
15232447
30704641
27153520
5446146
2602388
13238903
9078851
1266853
30291056
12011455
395954
22333796
23315431
11422391
15721841
25577530
23274506
2279602
24173314
19893010
13796037
4355963
8589069
10820939
5472495
12886745
30439397
9970427
30604303
22422412
1097354
9425974
14766669
19184443
29674005
26046743
19622325
21284430
15528288
22844780
22644498
19353799
26103747
24397265
24739754
6765057
9903295
14546598
8873193
9747490
6403851
15254887
1469139
11721604
2947865
13576069
3682677
26416696
31070456
26589856
2776129
17783524
11971808
18635964
24714366
95641
1415381
23166824
6728150
29670400
30356715
6953012
23946869
26103747
20529890
5382518
6265495
14902695
4727896
25931928
27179051
16336143
28863461
14734920
508416
30613876
13023669
21959653
6216850
2088648
863293
16817319
24873711
15259132
4358743
9727744
9161387
10494502
25121636
18129393
8436390
9282370
2972939
26036932
17238497
12209885
30502044
9079227
27730356
27002246
19067610
19930667
30526069
23886034
3630766
21320322
28427178
12483471
20201337
6637784
4049605
20179884
10740230
29907881
18749666
17890172
3406068
8272379
11463670
10598298
2879947
28395232
8633208
13767881
16922620
11583413
2071344
29272211
4177294
19749651
22886961
30424212
19527903
1792752
11181398
10065104
12631602
30849103
24704409
2407586
2499949
3013153
18157870
1703035
24388401
7987253
26185
12798666
5209051
5090052
9050714
19935939
10979862
15281437
19850235
30191344
16315439
11389978
8354054
12671739
17053843
26215888
9533806
22029343
9429186
3386461
4671286
5675624
11976073
16389162
1035673
222730
26483769
21309469
15196263
7495299
1093493
30938212
13865179
12758656
12910444
4575039
12970326
12211720
3447123
30374254
10877415
23289003
5382524
30684714
5563274
11643841
27759710
1914225
27082012
19552567
18488185
12715403
1308802
10440450
29677622
4447046
17007547
22691971
6109217
1139802
12569718
567639
23128914
669831
29327669
24346265
13346839
23569330
25887321
24950551
5918146
1526644
20249504
22148418
4572181
10935994
25828677
6315802
26732867
25803387
22576481
6548484
11971805
7863974
11198642
20056865
14106666
2426751
3169215
20166516
6536519
6727662
17344840
12379327
6018691
24547710
17355467
31077134
4551036
10131502
30797256
24950578
24280424
16967912
26029503
25803387
25307269
28158445
30881508
815260
8354054
16284384
24613994
6792700
26193989
13768857
24126745
4512378
12251832
21744170
24824697
21360010
7357599
27347158
12577144
23350088
14691954
17780598
319455
3663302
24656116
21896678
1125061
2088648
22016279
10190803
23425776
1792755
3657754
25580766
16433363
30727954
6292701
3528599
29058628
11389971
12295441
11405077
26219806
22932418
8718606
16495810
25537745
10065104
11637254
9446766
22407567
24727570
5472495
25884253
28118602
2170536
17265061
23433298
28692291
11227318
29659717
3483456
15303219
11708093
21108902
1871890
86455
14310873
7296717
6210081
16720064
27294251
12156560
3141416
19756180
8262062
16442800
14835201
12410951
3140581
27409276
4240495
10050119
7617106
1944542
29033634
16986351
14578486
25121636
20262460
4546503
691885
9430960
9532429
19601108
9584242
28677000
22805813
21959653
1150900
17718069
26819292
8354054
28307570
6449039
1187160
8931005
15220127
7813578
549698
24927617
6250017
2279599
8142193
12640364
22988976
19254199
26742481
3709761
22601510
23119055
16765429
8386051
197978
28062664
13879856
13349485
6635021
8436390
3848280
17053846
26193743
8891346
6163655
18082053
935946
11557100
11912425
4319659
27430192
2409982
27779993
12105140
18736519
27971015
27971015
549698
1059947
26197905
25024076
12306998
8272379
10326056
30737871
20765099
25856824
13865179
25150709
29415282
14166442
6826252
15716187
7791836
14627584
13109904
4830546
27971015
1812506
30240930
15215930
25400310
7566771
10429519
23638544
17238497
9542219
5513632
18115370
2565522
25256768
19100220
3645711
20575727
7367461
20056862
6146500
30774034
17302997
15335565
26345103
28697691
18864912
24061290
16246388
863293
17208682
29372458
22793547
21552282
24198417
8632342
7047758
9569946
2545027
5236476
12512039
6065208
23946869
26020042
20523911
19390368
18806757
15301874
12357184
11209351
30983676
13769468
3455727
28456821
6385072
2613647
8734955
14593287
7360275
27016108
3524837
25285324
20766554
21575425
7598626
12033916
21166595
16914248
3556466
24374098
6788037
23886034
11222421
29538265
3933072
23024434
30717055
26946650
497127
7376590
5513635
22981134
9390778
11743427
18930156
18053495
15787261
24583741
4977301
15746177
23176107
11826813
15811789
13065648
12507639
5166873
17698527
742761
28736435
18774345
17393578
13352235
15444277
1432252
25222851
29419958
5643497
20892762
22016279
5970483
24262537
26292830
19356235
29907805
8984986
7980066
24528215
8123559
18129393
2455120
30655169
8272379
26248069
21683367
13409647
1640233
20249504
9584242
7588943
1656810
30376499
13705134
20753457
934134
2959074
1862097
21845374
25856824
15363978
9207984
14383258
20987393
12483471
4004970
27098228
20237812
2248444
3073251
12549140
25014927
15822517
30922108
17356720
21059949
24784177
2334691
23399618
8060154
16410021
26174103
25314981
9981697
2455117
6111489
7436651
9472396
7607966
9768002
7863974
721361
21017412
28924273
28179373
15306939
22285930
9427759
11138440
4036888
18367950
24549706
9652325
15439527
12876325
20249504
691885
26828739
2691263
19175237
16588944
18183573
30861769
23384096
16602916
15440755
3589800
4036888
6884735
15685815
22793547
18543827
17025167
18749666
13775962
12085256
25872592
30447122
395954
13641040
6399334
19639767
979235
3737031
25151428
24083163
13473631
9186759
30486695
23877782
28755087
11405077
27511140
21032949
7326004
12471943
19600477
2425411
12291776
11028093
30509234
27136752
3895919
20469756
2837813
25595268
2030848
6853044
11546767
18685048
24077952
19556488
6449039
26283155
12512039
18093235
11059618
8495822
19681478
4884002
27333440
4805027
10990546
2349895
27304410
17494093
30535384
3108426
21982070
11546767
17811949
2002486
24060409
25567130
12121303
4925772
20153769
25710958
15551790
23384096
15535229
1924141
4572181
8672421
7696390
22029343
6274571
2894045
29330347
8257558
14022044
16442800
3321233
11466210
4039762
25644025
1944542
2097681
9981697
15440755
19356235
14765057
7696390
2363949
7810644
3310425
21501949
26797891
19731723
26287095
26380381
15090735
3830491
21774669
27033614
21507528
25215597
8934460
7011023
17208682
23148761
18706177
18358932
17225032
10429516
26913771
16547379
15151626
22594342
9290558
10967420
25258243
8772665
3213310
4579121
21959662
29816909
20419623
721361
11446145
27066455
15247168
12566083
23180476
6850594
2659473
8631694
26131291
22285930
12104201
30368556
15947235
17202281
9163012
11074210
29298484
29970428
30509234
2088811
18864912
18295515
9835454
30794833
9974482
9161485
6884735
8945087
2618239
2251681
6531790
11602159
24399099
23293438
11242963
23891877
30726947
13615142
4447046