0
0
0
0
0
0
0
0
0
0
0
0
0
0
0
0
0
0
0
0
0
0
0
0
0
0
0
0
0
0
0
0
0
0
0
0
0
1
1
1
1
1
1
1
1
1
1
1
1
1
1
1
1
1
1
1
1
1
1
1
1
2
2
2
2
2
2
2
2
2
2
2
2
2
2
3
3
3
3
3
3
3
3
3
3
3
3
3
3
3
3
3
3
3
3
3
5
5
5
5
5
5
5
6
6
7
7
7
8
8
8
9
10
10
10
10
10
10
10
10
11
11
11
11
11
11
11
11
12
12
12
12
11
10
10
10
10
11
11
11
11
11
12
11
11
11
11
11
11
11
11
11
11
11
11
11
13
12
12
12
12
12
12
13
12
12
13
12
12
12
12
12
13
13
11
11
11
11
12
12
12
12
12
12
11
11
11
11
11
11
11
11
11
10
10
10
10
10
10
11
11
12
12
12
13
13
13
14
14
15
16
16
18
18
18
18
18
20
20
20
21
21
21
22
22
23
23
24
24
25
25
26
26
26
26
26
26
27
28
27
28
27
27
27
27
27
27
27
27
28
28
29
30
30
30
29
29
29
29
28
28
28
28
28
28
28
28
28
28
29
29
29
30
30
31
30
31
32
32
32
33
32
32
33
33
33
33
34
34
34
34
35
35
35
35
36
35
36
36
35
35
35
36
36
37
37
37
37
37
37
38
38
39
39
39
40
39
39
40
40
40
42
43
43
44
43
43
43
43
43
43
44
44
46
45
44
45
44
44
44
44
44
46
46
46
46
47
48
48
48
46
46
45
46
46
46
46
46
45
44
43
45
44
44
45
48
49
49
48
48
50
50
49
49
50
51
51
52
53
53
54
56
56
57
57
58
57
57
58
58
58
61
59
60
60
58
59
58
58
59
58
58
57
55
52
55
55
55
55
56
56
58
61
61
62
61
61
62
62
62
62
64
63
62
62
62
61
61
61
61
58
60
59
59
58
58
60
59
58
59
60
61
64
62
62
62
63
64
65
66
65
67
66
67
67
66
71
71
72
71
72
72
70
72
69
71
70
70
71
70
73
74
73
74
75
74
74
73
73
73
73
75
75
72
72
71
71
73
74
76
75
78
77
77
77
78
78
78
77
77
77
77
77
77
78
79
79
81
80
80
81
84
82
84
84
84
86
88
86
87
87
88
88
88
88
88
88
86
87
87
88
89
88
87
89
89
90
91
92
92
93
95
94
96
96
96
97
98
96
97
97
97
94
93
92
94
98
98
98
99
101
102
102
102
100
101
100
101
101
103
104
106
106
105
106
110
112
112
112
115
118
119
118
118
116
116
115
115
115
115
115
117
117
116
117
117
118
116
119
117
117
116
114
111
111
112
112
112
111
112
109
112
110
110
110
110
111
110
112
113
115
116
116
116
116
116
116
117
117
117
116
117
116
114
114
114
115
114
114
114
116
116
114
114
115
116
118
116
115
115
116
117
116
118
119
122
126
126
128
128
128
128
127
128
128
129
128
127
127
127
130
130
129
131
129
128
125
127
127
126
126
128
126
124
124
125
126
126
125
127
127
127
126
125
126
125
125
124
125
122
121
123
121
119
120
120
123
127
126
124
124
126
125
125
125
127
126
126
127
128
128
130
125
127
128
127
128
124
126
125
127
128
128
127
127
128
127
126
127
128
128
128
128
128
128
128
129
132
136
137
134
135
135
134
133
134
134
137
135
135
135
135
135
134
134
133
132
132
132
132
131
131
129
129
130
128
127
130
130
131
133
135
134
133
134
134
136
137
135
134
133
135
133
131
132
131
132
132
133
132
132
135
134
135
135
134
133
139
141
142
141
139
136
136
138
137
139
138
138
136
135
136
135
135
135
134
134
134
135
136
137
138
137
138
138
136
138
136
136
136
137
138
137
133
134
132
131
130
131
129
134
136
135
131
132
131
131
130
129
129
129
127
127
125
125
127
129
130
129
130
132
134
135
134
137
138
138
136
136
134
134
134
132
134
134
135
134
138
139
137
136
138
138
135
134
134
137
137
135
135
134
134
133
133
134
131
130
132
132
131
128
130
129
132
133
133
133
135
135
136
137
137
134
136
137
135
136
138
139
140
139
140
138
141
139
139
141
142
141
143
144
143
138
137
137
137
137
136
138
141
140
140
137
139
140
140
140
140
141
141
141
139
136
138
133
133
134
134
133
132
132
132
131
130
128
127
127
127
125
125
124
126
128
128
127
126
126
126
127
126
129
130
130
132
129
130
131
131
132
132
134
135
136
140
139
139
139
138
137
139
138
138
137
136
136
136
134
133
135
133
133
132
132
131
129
130
131
131
131
132
133
130
129
130
129
128
128
129
127
129
129
129
130
131
127
128
131
133
133
134
134
133
130
130
129
128
130
130
129
129
132
129
129
131
131
130
130
131
133
133
132
133
133
129
128
127
128
130
130
133
132
131
131
133
132
132
133
134
133
134
133
131
129
129
129
129
130
131
130
133
133
132
128
130
128
127
126
127
126
123
124
124
125
125
125
124
124
124
124
126
129
130
128
131
131
132
131
131
133
133
133
130
129
132
128
129
129
129
132
132
133
131
134
136
135
135
136
134
136
137
137
138
139
140
138
142
143
141
138
138
137
137
141
141
142
140
140
140
139
137
134
131
132
132
132
132
132
130
131
130
127
128
129
130
127
129
130
132
132
132
131
131
132
133
132
132
133
134
134
133
134
135
135
135
132
132
133
132
133
135
134
135
136
136
133
130
130
131
129
128
127
127
128
131
131
131
134
136
133
135
133
132
133
134
133
132
132
131
131
131
130
132
133
135
136
137
135
134
135
134
133
132
131
133
131
130
130
131
129
124
127
128
128
130
129
127
126
125
125
121
118
116
118
118
115
118
118
117
117
119
116
117
117
117
116
118
118
118
119
120
121
120
121
122
123
121
123
123
123
122
124
124
125
124
121
120
120
122
121
121
121
121
121
121
121
121
120
121
122
121
121
121
119
120
121
119
118
119
120
120
123
126
124
125
122
123
122
121
121
120
119
119
122
128
127
130
130
129
134
134
132
131
131
133
126
124
123
126
127
126
126
127
128
128
130
129
130
128
127
128
126
127
125
125
124
123
123
125
124
122
120
122
121
122
122
121
121
122
123
122
122
122
122
125
124
124
124
121
122
125
124
123
124
126
124
124
126
125
124
124
124
125
124
124
126
127
129
128
129
129
131
131
132
133
133
135
129
129
132
128
129
131
132
133
130
130
129
129
126
124
123
125
125
127
127
126
128
126
126
124
123
123
123
124
123
123
123
124
124
122
121
120
119
122
121
122
121
118
119
119
120
121
121
120
119
