7795
3503
7495
3895
6795
4287
7129
9495
5195
8599
572
857
1249
8795
7717
7995
380
7195
8395
4395
8695
378
6247
5855
7913
6595
8501
1837
8395
7129
4695
7795
2621
471
1552
7521
4777
285
6295
7325
6737
471
1160
5695
190
3806
2817
380
3993
1160
7815
9481
285
6639
2915
6595
1258
5095
6595
3218
9495
5695
7095
8795
9579
3699
7495
7295
9481
4895
8403
2719
2033
866
5071
2140
100
7395
378
1454
955
9187
4595
768
1846
955
5095
7815
4091
2728
5395
2532
6737
3699
1347
5169
6835
3503
7423
7717
6595
8305
8395
5895
5495
2238
4091
6095
3307
6595
670
6933
3218
2915
5757
3503
8795
7695
8495
6395
8207
1160
6895
1151
1160
1053
4287
3414
9187
566
662
6443
2915
9595
2915
1258
3209
285
3218
8595
471
5169
1935
955
2425
6695
4395
4198
1543
4895
5095
7423
7227
8195
7195
3218
5953
1160
3013
572
378
3797
4002
8501
2434
4795
6737
6095
7595
9395
9195
1944
768
2621
5295
3316
7521
9595
1454
8295
7895
2915
1641
4100
380
8095
2630
7795
7495
8695
5071
3414
8195
1258
5071
955
4777
5071
1347
4895
8295
3218
192
3601
4581
8697
2425
7195
4679
2238
3512
9873
7129
8599
6149
7295
2042
4679
2728
6395
759
3414
4198
5365
670
5595
9089
572
1650
7227
7031
5195
5855
5995
1356
5169
4875
8695
662
1356
5365
6541
6541
6639
3993
9295
6395
7815
2327
4395
1846
7595
4895
5895
3699
1053
4581
5659
6695
285
3316
6933
866
7227
1935
4777
6149
6895
7325
2532
7495
6595
7195
7129
3904
4679
5595
5659
2924
7815
3601
7815
1739
2238
4198
3316
4973
9295
8995
4695
6595
9595
964
4385
2042
7423
1846
7717
955
759
1053
9383
3218
3013
8011
1641
1347
3895
8795
7995
1748
1837
7795
1160
5365
4091
9383
1445
1258
1641
7395
9395
1935
7619
7717
3405
471
475
5267
9579
3111
7595
8295
5365
9383
1062
6295
475
3806
9295
4581
2621
5169
6933
5695
4395
4679
5895
9595
8011
8795
1552
5095
2336
5295
7795
7913
3218
5395
2817
380
190
9775
4296
1935
8095
1846
7031
4875
7913
8109
192
4695
9383
6295
5659
6933
1837
7295
964
3111
3307
1062
1151
1944
285
8893
4777
8697
9195
566
6443
7227
4287
7913
3895
2434
9395
6639
6247
9579
6051
6895
6737
1454
2042
380
4875
3022
4483
8195
8595
2915
1249
5195
2924
8195
380
7295
9495
4287
7913
1356
7619
3316
471
9873
8595
1347
4679
2238
5365
8501
8305
7795
192
1944
6795
7325
6737
1160
8095
1053
2728
8991
4198
1258
4995
5757
5169
1650
5695
1846
6395
9295
8893
3414
8501
2336
3414
3895
8599
8595
9579
3120
2523
1837
5395
5995
8395
475
9187
1650
8207
7423
4895
3699
9285
380
8599
8495
8795
7815
5295
9195
8795
5071
6895
3111
3904
2728
6195
3512
2229
7031
759
5855
8011
866
3904
2033
7695
4581
8403
192
4091
5095
1151
3904
566
9383
9095
8403
566
7595
4091
6995
2434
2238
7195
285
6695
2140
7295
6639
3120
6737
2336
9579
2042
3797
1249
7395
3904
1249
1552
7619
8207
7395
9775
5995
2434
9695
6895
9895
2336
6995
7913
6095
1935
1160
6795
285
662
7717
4595
9383
7031
7913
2434
9195
9677
8795
7717
9089
7195
4995
5295
3111
5463
866
9187
6737
8195
192
5395
6345
8495
5267
6835
2336
7521
866
1641
9481
9995
9873
4100
6149
9895
3601
4100
1356
9775
1641
9695
285
285
8595
475
1249
5757
7995
6095
8795
3414
8995
5695
3708
5195
6095
7717
5895
3601
6995
6051
6345
2532
5463
2336
5095
6149
4795
3512
8207
9695
3111
1552
2719
8095
1748
2924
5895
2523
1935
5795
1062
9481
768
5365
566
8795
8011
670
3307
7295
3895
4395
285
4679
3022
2924
5561
4091
4091
190
1445
4395
2327
6795
4198
2728
8395
5795
8501
572
6933
9095
8795
2621
3708
5695
3512
2630
8295
3111
9595
5757
5267
7521
1543
6247
4100
3895
4695
4795
5495
3307
5169
4595
6443
6247
1641
5757
5195
3895
5267
6495
2327
2425
3120
2826
9677
4695
8991
4595
8295
8991
8895
471
1445
2915
8501
5295
7717
2131
6095
1650
3512
1249
2425
955
3904
2532
5463
1837
4296
3405
9677
3993
6795
3209
9481
1347
8295
4198
6247
4777
8195
4795
1053
5463
857
3414
7521
7895
8501
8695
6835
9795
6443
3013
4287
7815
9795
8695
9195
2229
6095
4100
5395
1258
955
4581
5267
9775
9383
9285
2140
2817
3797
6995
4895
7995
768
9995
4995
8495
5953
1249
9195
9995
662
8395
2434
1935
3806
7395
7895
1445
6395
768
6443
5595
6395
1935
6795
3414
3610
7695
2532
2523
2621
9873
7129
2630
6495
572
9395
6933
3209
