32493683442
151299828544
118406368020
615316297
43946904034
21952316021
76226257369
22455253329
141165109110
61990974082
83316159121
23756330191
100518497090
78942305
117134641480
19204114968
34210301210
81297964091
3555482542
116792973057
68186115150
104825019773
17799249818
20143106401
81478880494
117369601052
65931808135
14447181378
28552710912
121525198258
59780828464
5525199842
34127239536
90083044753
83372548868
126009281290
59111426238
70297301661
61159832374
53954328351
53304949127
69325270239
6699979045
167334764825
22831605924
216733061624
1827365777
116760001637
761023287
12113478953
8446484674
26519521341
57623556305
85983080079
157957283356
36255129065
131586832889
133876148973
83595200462
198638581342
52050527789
58337558951
164669820333
42704315549
66169524089
95201739606
1657237856
151447863251
50704841318
6135803838
37089423906
76661451187
116120119312
183452178992
206476372327
91890707018
38309662692
27054555957
43402568762
129919114161
26270400468
19195548469
12062474846
7913412162
6271187339
19084270078
25968534046
43848790703
123863828121
38641642528
15607378920
88145016841
11734395883
13564181361
29480764451
23576554986
109236929918
24339170780
149809516786
23939104878
14950372374
29100093902
16757846990
29331619327
121015204879
9048545272
89327973053
14572709376
421269330
51571297320
18084898505
2550619538
3621433097
96537006870
22351212026
4251655284
119193375730
29117547916
16027127366
85299682663
4658146180
15617221087
44829269168
41858029680
92280297617
4329076863
9779088025
69844996378
92484272211
43358944589
15569308107
31992652886
779169105
56068823550
5007146259
56194207190
51010245907
128085935391
16610844306
30289543800
50807578636
114558783986
11213224801
47857478274
26633407883
86032771722
26408837772
16981519293
81816762749
30091398568
92843262968
124231150017
172704650340
48574875640
39277970148
45528054025
114561501111
125297001649
46047482579
16867685176
82985928579
38636776150
12775307089
4044886945
73116702867
119105935492
101640580415
107915518005
52567084142
94793996455
32649714323
6673754964
19815385567
96692321969
58703474387
95650775300
27921412628
16335934714
30403576326
73612830525
2768919201
7350499917
45970190670
141906319
1956736630
7558715557
161482661362
4764001798
46712237829
3651429777
127180144994
101596986946
62533582040
3489118213
99515077828
19149781422
19808027241
493029885
22987866319
122391926557
9307603472
11124842109
209023044
114690402164
110626308074
74001505360
6434129612
210155266333
6238190347
131773131378
75838409317
71086946909
80931773528
94041078789
25818923987
47785332275
35451707163
15643659475
3347656304
487134285
175130572920
12061923045
61239829503
2451741088
38326040
32640698167
1574687879
27837711481
63856043016
87411724611
114188941306
59586704037
24623380840
48085664620
31611313960
49195906467
38515084078
145780630577
117706409573
121976752944
78551729164
136953848264
63543303642
188246361167
39980166289
107152812417
120849613550
107342149431
150147518987
160530450275
160387319103
37795201752
3590164122
16103536891
117131533246
141970369118
116269306783
12096724282
18379108179
11374901748
74238806715
20474438138
14945922021
924959273
66255513117
56320373263
122927663514
126263959077
38795770665
56580679250
105797898864
56817821271
20012638896
61047187852
164115179949
63129048155
92815030748
67508232002
50587943700
17506067563
20607008755
18899290106
63646575793
8949948774
70291063344
54363917631
2076016128
39575230672
90848048805
90394671493
12332457124
194860716615
21241136661
12128960025
30692031833
81473462325
86686565468
65546561679
30505839948
33264836631
100534540302
136651017318
89359654456
33682805015
58252111231
23639311193
78129315516
41746218121
1382537422
6766761410
154196901402
4972901795
32669900574
28693047571
36154443832
120991360355
12057024387
33468036742
4838119935
282468738
17724220782
173895798674
27703028355
34088760486
93322490643
63965279786
81821985185
5173549371
174916737971
43330508605
17767702077
86058763591
60010683406
127778005813
49702102841
34749317074
89805587379
561857359
24605695457
67690010038
41184771292
20032705176
64523415460
63365975475
163748126687
58952723501
13846558956
27460230977
125941545422
6664207140
94113778567
3628790151
80266868937
24989263572
67445616486
165273217609
10627148624
35107850303
13547190722
37476659716
103238384525
80919447486
132482923225
58382658996
5782692983
26161276097
46636237471
108011642075
17207952631
49405379683
43692099904
46211734235
74903579060
174727177499
81859440059
26810063528
24701283217
215640898651
21528376241
7186158078
52880234886
160855663087
2320748340
54223392850
1479630130
85389365861
64911276877
160132839878
4761277853
4516386571
2454299694
32328152318
38983092986
59501996571
118852106182
7917794999
31441266204
37138939332
2928063916
3009208280
16624170013
11316889624
23127004087
60353385604
117905455059
11940505792
22882914107
31521641033
50147090956
39070714566
176716541364
16954379780
11672129269
6946155912
8625422
13113235132
63619251966
87283553141
121444132065
68106774815
321787024
55788923598
19132398803
64263754215
157417971733
96061495705
81956344001
50015814835
80119589676
88452288384
206095567405
11212964324
6910319748
72302160259
13207965148
21443536980
45292945267
57666728426
123340231992
9041017561
106154202635
44039711808
149683131238
48293588443
118443463035
21108309027
37049586091
50611129865
2801514269
11870625066
36581597533
22251002791
26947137087
19654948513
60861478120
33634022739
55326305074
148072286368
14683005446
143369521762
30262044938
62378712770
29175896436
26538349082
139963118534
36228211796
104887310774
26074526078
6270300441
51869210869
50136830614
8791969476
110688353342
155632545916
1542286181
29933007407
140540912867
132947749913
18619503138
9403016491
5208752437
103458319308
23161880658
89652124412
35129653302
22574614573
62566223298
13667154695
7529380667
699514473
37093234347
8197901375
926650785
111802713459
1196290927
53844732401
11248225280
25060449377
1331355397
218817659
114692172711
94434648747
73245595679
87338136363
48984317793
97570587939
3595207837
28687832821
72430117452
124596546010
43071632642
8689941765
1266731001
109167791570
23661806393
9079210206
97488640305
3457826554
132915719284
45811909279
81289497479
82116695503
4985806407
66228428188
45680592856
103699398489
460405818
66476617734
148323788454
57584507714
2155672595
62349361626
94359787318
89035509482
15599669965
132262658913
40871081711
6628283988
50321434565
11277991769
6185101636
92500804168
113411571360
52337711853
60497350771
7160157245
191360588577
7321609945
20667274011
181703233033
3933310916
89930121475
113894893635
21240261771
141853594183
26459438726
46511674745
91879851148
113256244225
25393893140
17328459318
91235094243
9746594058
25423485554
23339398502
21903554021
44424809847
26621495644
51993621524
130597612339
20294214747
88181778408
42387120907
36288330321
344834190
28176108705
5984118520
70940606161
73109374217
43015012552
35275395805
7916296392
168155777217
15545881037
15277301650
6853430568
41586481356
6431723584
30169267863
36056067297
111151680662
79593842188
25028828451
6552661299
29009575771
27332930695
120174788266
9846715905
11930464168
44279523847
18888454666
2093496313
29306117682
64064221623
20780153504
113619508682
43868234373
46472929492
58302895595
82227855091
31512359708
83999161138
194172966004
69315301543
28817124668
11080723660
23781433016
108032896460
100473465368
53723233457
73646513970
75059851511
97197106059
1671727814
64978719524
5756723146
7881448541
55033360407
103375335726
4727150111
20467892894
127395265362
42996251141
5258530287
62552466
44701202466
135278826378
87799462490
7305147253
3454413915
39731599393
113229943963
3156208827
188784641134
53465906575
57297905804
137755437702
9269718570
15258357480
81234697545
68823861168
50512626953
17401316726
9010402039
2067337427
95210662967
67794978357
120158376760
76852310352
79446651900
41752649335
85077521793
101361864100
95767781780
17335866420
3763461882
9220783208
1508429651
123031366230
891768296
180530275893
179613873611
40076054082
97518748063
77772072698
64639434036
42803060150
17612496980
98997819754
24681050090
88798905901
62294401379
73141033969
46781192519
7936819610
73257794751
57972279121
334702303
102502624486
62590136220
115269727035
22230206151
17049852539
160019506118
10600261645
128780931696
58295267935
68859678691
173574127228
411452460
154513910612
4030854512
129003513606
67554080431
2583784115
29607942261
177331224005
19187643392
155095492146
187173089369
42759647371
100769220614
87946611847
33873869999
2586408911
20833975272
118910919420
52456860056
5821689874
108724287110
69783094134
15815521762
5701833428
49656314625
126726364724
47411508579
51630484568
58621682590
6910665477
31904666381
75306045230
73941076687
55534615047
155543891399
20096287890
14929260381
46811868474
627823380
25832439482
67510932133
206224756286
323926401
18928228316
16334803265
111176225673
70949988925
5817838040
67918086876
128877999703
15692234536
55173340081
70832739563
8701727089
49256595068
56274321728
51759168728
26788982449
77656948131
189408571959
1807335519
50496442451
33101882459
49169555484
13309716680
7385678050
107353457496
26607497472
77047265473
12538533538
98445798153
37814391921
110220640517
41053160948
1212980974
14488849370
55781262513
16118741841
32874428011
112908300415
155646522103
9928130290
141333467
41362733660
6286237419
74987397412
38292588263
47767742631
31034493291
3564355991
97804396449
8865328212
54498718478
170704644104
75555723682
24809551830
14917798345
52115178774
181946716507
48534635068
9283155238
108480834922
6158315254
40085617638
213119581625
34920877844
43048601234
93323214811
85725680653
29636498370
31948484754
66624869472
10911311987
19562632924
28730628627
125490443287
86812463573
49025473016
8546062717
101860316086
73261849463
8816884685
94994666941
105465371699
10803540532
7071900669
10553333860
173502046521
88256886892
176073266820
112482021919
170362474501
87624594882
140970867638
166047659
2675305654
7380014768
81544421575
101228112435
5226868439
77947941201
35738685393
24584094747
55809786922
12358004932
19597049744
37734065221
37783225249
124847081743
1746902239
60894713240
53179352567
15406296313
109651331051
60068237041
111510427800
18152289766
110314225271
114073436866
105906390045
80004571439
25215447208
41668521780
9012876070
16961584652
33045349696
28006352002
8780015983
105950176286
117930560456
2114750060
15613638826
154631763168
87527329441
1187790583
15931177603
20294420598
7643181802
107819866721
146359868332
28551160187
29252793187
40690193295
3232533529
43212132368
152055241358
102438752464
201086211052
134632452380
3252237546
64401860079
159222564734
87743435662
155903450247
6317440197
18126926558
44698294511
115474112746
851612529
89443253743
160057434003
40659356727
124733516273
29687154171
36587101763
68061770234
113153627394
89861491886
79210604
138396147570
3460887397
75386585259
101833920600
3094619031
117096132626
58720526988
202737026830
44372751948
49577771737
30240570691
136854800485
154918023627
29558919812
14978929313
71055891141
111890451414
20296985794
15781649822
59318215303
2634785521
73476403794
106142626932
65715552749
23793311268
7543444717
5905702960
61639609795
42002291498
28722240222
40147907588
10816840987
49786536100
93697764852
17540015809
37970490067
5162333075
55820168074
26321780594
67004929955
7893624054
8983586681
95187246876
55722502719
52798333076
44072060899
25120818024
407429517
58924433008
99950211074
81767014424
20840110478
94193645035
80599266960
213785819
130200479438
27745788402
6935409488
23820878280
52770886156
1870867242
60598757014
143424034026
175594235080
87957240877
60692739189
5771328283
59835390171
105847329230
114960523827
47778291890
90964221948
75603851271
66230963443
46006091390
39094466296
27393342759
21276586722
11941987495
61169723127
29426427956
7280924109
23637315370
7923919497
94742585300
41886199309
64072035956
69044979858
9694292819
18966713590
135423128796
20845224212
60070787802
96492572604
120175908467
150822160447
2247709978
106601621386
1982257023
22231416984
50672878469
22130100071
118013805045
2883052518
26795136761
13862438288
61430203666
12657983245
57417951092
53910686957
96643938197
32970276050
53055128714
24247236505
86157182519
2197460887
38580039756
32929432730
64414559987
78308291966
63859141495
178629991145
43522144739
43281656541
158227003284
18418868493
52896574722
58290562440
159956696550
184437263488
30192632421
68999333603
7288698451
33783583660
10878530611
68224835761
61646406471
7521081627
90270635140
67238352857
177880778152
180215826788
6683133643
17008443313
126268840744
98907270265
1224970941
43921937100
77975058765
18735881192
134516937210
15593907584
109261023625
73675772026
36217491306
66244340327
12675775139
41498414417
135008046917
6956348232
26425810485
420617309
87433452435
131440887501
131522676062
33200630673
23936607574
157115341688
50448908337
67945814470
6533742567
38794142658
42622862983
1519412081
31840266212
38888781720
5439517915
7890248482
9648352608
61703232773
30030745293
15967633176
9348108023
90868535981
91154437703
36269576531
114626088488
29594051112
70023822367
810681898
137978080786
37861610552
582076291
96251727159
28247100158
22353147629
59875700786
1789595706
84638860893
25532713024
38149610963
135664331697
62701394845
41317596240
38738272313
55815112178
163027580199
21403698871
6941301003
151128376324
7682401909
72393553668
2675728633
63197682216
4049751777
33073836952
80927363358
17046406683
13023527200
30791076640
36936975367
218273821012
204027545968
9349619050
11325615215
73103130354
122296284443
17611873863
1310872748
501668059
134821294872
17153605342
88205994071
2644194308
14751948924
40602101105
43048764698
25033183906
33778581752
62951473837
27259387683
45511317805
11538451430
44906634636
63837042391
41366647981
20464130163
2943064595
19217619378
68246098955
86428481146
42373532534
1327658117
1545526052
64982574364
22952178
24635929752
8653651654
131509535078
44844025905
97141199882
4567908136
81326283112
32332785665
6648329131
33984095172
55262588829
7247808038
47205660007
109191637489
48655074727
62099673561
49683383788
66324663091
16583574170
58269789128
7645738709
48534494260
22371947893
67052765737
30346654774
178091810845
34635269239
75951485748
97442480671
5927585998
176848849598
70408168932
41980950638
48640741289
51242889265
45286170705
46446485589
22698329959
131289192406
1740390565
112029328421
7717663195
46082064233
562766865
55592311748
52976689668
1854226236
13484691700
1713502790
2051981562
24585252421
46265970063
7018131825
5041632900
72905770924
9444022825
158773629241
34349875608
60486845672
224326175
31768108991
39785650960
18080108772
29009877941
119160632330
13872255003
9114625689
90160271551
37170725475
73766938558
23034695831
49966638085
88527611692
91080910246
57495861362
117856892966
34831515532
109850984735
48168065419
27066027768
88240796820
37516629742
2371376389
33020353325
14097437721
81376910843
53141189655
7987208652
152192813585
31220482637
10489216392
158976743612
57368308045
83950196758
33835140213
88624893291
73635763175
22805359518
1636972143
145991846825
13832613760
41695291403
144831614581
508924267
74203337753
98597551207
5561463900
27340202483
53689128543
30211036972
180756425137
252941708
105789917002
5972691826
24225343159
24709856602
51180731712
140592962439
3037799906
12616981472
121444754258
7588378252
17290766582
62407459512
63959869929
116621317343
64569767825
116156653534
27981407773
20211785727
40809881112
15700733774
178416171724
17128359864
20328871080
115543929106
84579838774
54953750013
148561750091
20247265320
173684844034
11490474168
119550477552
50823209960
72173156021
5106483953
7983860292
129401357101
31584249569
45354095625
91629396258
102245799165
103773604881
4828078135
94535105944
67458745534
120392291835
21704927856
60151661388
39260844799
19040952606
30648556781
397776473
89496529487
96616039798
29872765191
10377956435
130839661503
28902641461
45153395407
12827468514
24667564822
124028065025
16612896547
93064901092
72803801261
37998219680
14051228896
6087365686
56543638830
6390843886
40300505720
34630755339
13806141867
13035428481
64566061917
30984048476
100436458011
108952022746
19491090125
52470122297
16608800486
165386652647
142509286475
48770888042
25509645432
61597299069
146519496802
179248878493
85638414215
85585381351
37521297888
69252216544
33386326767
38786751662
30735731801
60167100845
14372103022
119985440100
69806299
7750252254
19660298257
8876528337
78136472603
31311263127
14116244334
76277710691
14280612797
43999603364
5612088348
37556732688
13560966212
73161671863
27608695479
135916797070
72440461799
147326238759
26511096124
24624538065
145135221480
29415834927
3184468569
130514440834
76166347229
40437053359
84754555380
2523068243
49639963575
72690419512
105259957956
71827613068
86024787939
51143073859
7889632578
17794417436
25799574493
136735154480
12550366037
42729265119
45291371053
9515485522
53478373956
102759898782
52048436937
143654509922
4279934389
53520754197
41713936365
49839745410
134848157900
6290357981
83684424955
118172564860
61463252362
32494420856
57055921419
146674223762
33491282439
96565890138
27407669458
96979993097
38870007447
36308865748
8834700913
162425221791
4249246703
61294600613
93705498552
37371186658
6490656876
32170263444
8474513749
147649016919
95631256436
7061468618
19806959242
30159123189
43755421331
20443475342
48299536795
65973884444
128026095313
123390402302
2368912363
193584550451
18925746241
1099098300
17226603420
131507461463
101446642761
55781071318
18484594416
15223565447
39769573892
73951300197
89745657967
144993845194
87999898699
76966940230
161405847353
236547720
111320292
102261109901
12493283267
104615748402
73768885466
52286755939
36505084838
67188212780
15474328549
20447020301
12292305505
24937011917
129363992644
79887141652
96105909791
103749018002
172242822207
202753999956
52319403522
28742354868
154665325094
87698879159
35379056811
70225140203
51107013322
222687571161
6798819582
119866623057
3066436375
45648916850
4966332051
94538793571
3647536424
22141569795
14171551139
30437291088
59956874758
8701347510
12055548984
56241587597
96582835579
1254062657
43885950604
22434348886
68208679547
95872901592
42291480903
108908192937
16131914438
2995062537
116636551516
34779354018
35212326788
7243019824
55982462643
4525789237
23203292496
133054408322
40212444459
98306446495
33156620012
43339841319
9239743861
27642726987
75236684694
135048412380
97746600081
38667241639
141822438701
57308958074
53019020016
6911247380
70232152910
52035683470
30228780918
114765799523
95949729350
112016088111
32689328681
52297161191
83197643586
103330485334
88424855337
143482151687
17723342169
2094827334
8551065370
173076924997
10186265056
83176596328
29490262632
61051271739
1621653835
118700341190
74645149257
10473534115
42720497751
118133760145
98844587401
77612361294
29259836602
65121552113
184352275011
22223151638
54515116373
94435763336
19032347929
11481288912
67236462560
71880176336
21070374918
2690625310
138300420968
140775208502
43724758355
4442360485
83920520009
42810500789
98037064053
26875722998
82807129851
12739675616
4322549457
30779272061
52869787828
9239159182
105895960550
55472193052
40521308486
146181107250
9464121223
40969458498
132434351102
142210676417
100041606818
41871822834
4658475601
54996698881
8303764422
79293470849
13118288035
92607496092
29704898079
56785937103
101209124960
29639172774
77859655640
109851589809
33966948220
130933017112
9749491681
73221557064
38039292823
23152405377
29313355582
131902131089
172657439031
2000449317
38248280490
14809100147
23608859803
14699063367
538485521
15347960783
25053980021
23682143659
7542752527
8623060472
69854192342
115118058159
119216052513
12506949034
3792604834
1163785619
10996086961
1733707095
41676267970
125510569000
10624569484
46391100964
10309492192
12119963818
49631873309
87812465369
57925128118
65145517079
43003755616
31969627948
10410934448
23561364236
70085908587
24864599446
175993496078
52625243024
23830249035
28073301150
79114203125
41025256559
70265386013
95522825926
6255727008
1432012088
44923374972
17812404911
718653034
21547275886
7387143340
35910442812
57562210464
1606721129
35674745394
80595002001
58603013040
38352496506
36174931230
176758579886
92184239353
70452811650
85494763674
41271210683
52363240187
91819573636
81817813748
7934935167
88180316388
4253628483
726387156
99032455321
124819742691
72111710931
4006532421
160537914064
44708312626
15934549390
13081230
104425129532
14374922839
96733128799
114566301675
89032921063
33150332383
38564335574
56818789297
11001715320
47812954552
4587953021
1669447643
95559888548
40831363391
57325215287
1865454752
57545408307
125400727740
74166370820
125966485973
192782168525
99187272766
35680665305
18931580784
5490020508
11187080568
12167190020
14243460463
9505057883
22260872895
93363800364
164572135528
13397522569
23045704951
28030362571
8619155867
55883096417
30637862944
210115218875
446876306
69399551441
15283551186
86177938722
8771254948
77721888718
139066314615
24756360815
46334352880
9016698812
17214919428
39319574939
5290520844
16619142178
1147486631
249171951
111001348040
75049400304
16021025541
40247420238
112866768735
5890918337
159934049582
6171185761
11720432799
105999980397
169379127698
135279212988
3117144898
94249327185
1629948548
8712221732
4868441961
107129131188
100492998549
14693415450
871906249
63414265599
28017732161
109792067240
160043069584
79625198949
189224263490
24536863024
127882273715
35376732609
13500359599
45502432531
183084418418
66018305473
196759120859
36269040702
9842955532
26016384711
29730968440
54842244286
26449866013
3129861010
480910391
29607231143
161185967824
29731567116
29137981159
165812579143
32013483572
21514417185
97207726548
147520008653
12045278619
2673818083
72245464408
7377451325
122762832475
1102337643
985880275
18087582828
4438418405
102272543406
10495203448
77217163944
5901485034
95191124505
32901775303
23077615840
5187423488
102565986188
41314619669
100005136890
85256645965
103941627068
96920034632
50240228435
22210047843
7952170229
6770895948
192931050239
49790655970
74930123149
42854071910
2313970276
19004758061
31356514820
2261996372
125846350211
15328751771
1201080142
11697115353
21382363386
40775733693
7679142533
2990734744
24320721958
11845015387
33225903131
47854238219
53124807834
52421669706
21005006053
20877421982
89535668284
60537348676
9461641124
1091991983
5180954349
82448007906
6486088215
27197900079
11762256255
47886624101
87211741514
130555617465
8281712820
78695241249
97487276393
10380232666
87022029002
14950460305
15970644689
71076552221
123070837852
150450388648
47829994175
4218244160
92135583431
126788466601
1434333074
23848066705
4351716248
177579838197
92769264267
9409285451
90106759865
87393939883
10676763872
94321443695
16912037612
78964438551
23394695385
114895011706
132009064511
10501634950
79937647500
98831212718
23615813541
118887635122
2680842479
6326572810
12929314394
35909587204
77714308431
67032952564
112064226156
125055673477
25002420092
13953175862
49595619415
79858899749
105132814535
28855247712
15091860931
53493940652
500356099
99222733779
22225343507
71058175081
67121808408
90106022827
14903071600
9464197215
130998505227
16885659702
68638145856
6830615602
140091378514
77556332495
8596748860
69060660883
17353805493
43155603611
81171830924
68583033036
63415548191
5768123456
48449549188
135968377922
165104755096
8267333794
108109601124
168384595282
34290273573
142767016081
127589861179
4803941195
37578490794
17683646826
1077323528
42725994156
44410515296
5043146324
23534816024
207566792829
47776801717
10418979484
4906478510
206613851533
11257501303
18709812190
30093130137
83417650210
17618210080
54738792802
39106288427
9571728434
129099338760
538739653
725638931
72593254836
119730372418
10448048336
152677327
48471814041
12190204932
48137925800
18208680725
15615333519
164001421332
107096693905
15956733962
13012409101
4013564750
58833999542
38616986782
74125957749
164454786632
16942052452
19049395902
73739622117
41786121025
54151145344
17126522510
112274875946
8363366572
2116837463
25193409084
128838093594
10493900024
24481338585
25868793431
35878309663
60057792462
115652675831
5654294054
2800134773
9934154822
5855796985
50999957614
27515363947
21499053399
198931721560
4062674043
129683511528
89537798510
24782518361
16339665708
6478374966
79992575562
24704944417
26061711530
9484919
5602242031
33616969411
19587401541
20640095965
86123763299
42512688939
57522881061
58678659878
3069863237
182628519164
81638029993
73299406878
1694343459
95587946227
5820342426
33042466491
9190287206
32036023139
103592416965
64350925918
15889200458
25436209079
20722198063
43042371635
97992312854
51794974841
70233245136
159742509000
21601940910
98535127390
3965742498
144671257422
109684270375
64266507490
31353607027
17301339280
5222975450
2889461340
13642693238
85903957954
41694019393
18310621321
11567255985
80541981808
996585106
7551003397
146367153532
170084621374
9188335015
13202130755
121368711875
417020161
99384388592
65569244231
58916117009
23756005345
104736813997
47564225034
42240095800
13057118570
6893572667
6825277262
69392115346
75090674715
147872893324
152644250796
15586846486
597935320
101478830545
35861008802
38158703825
47867731425
9766075108
129568824025
7985094345
173368223513
26241619584
167044937695
66656026433
3100119145
35161019763
82681690895
85889510374
562826050
79726202536
7987529505
93929896642
28340083124
119706029625
58267756543
70770470063
5082135383
101891987254
23993551265
5588330184
29746042055
54490043949
18511839191
163960200337
57443287979
16878784735
16915060318
29610353417
129453971243
17297422098
183941670211
7826242927
34256938824
15173268869
4648594813
21026715071
1981063830
1641238663
35711251970
17413824557
19404155018
52800244418
121014534080
44106798107
111437460756
65919135830
6857049130
61736163216
21810648006
26247845896
105386646945
121213423631
195935723263
11619472986
26357389415
35157281859
60358514537
4864826941
30884906808
22142051259
32521575502
21974899205
99904424873
17364577854
148424007776
16638130327
92175395931
29628544214
11160938264
21868982871
102548232252
116651882094
20533717519
5694410946
47839873000
52965997923
7099417095
84555478824
144455308977
30818564318
158183971307
181270538901
21572289339
40546925479
58460407741
1822494632
41877266056
11756523568
36848999735
12880573159
1218186169
15641578890
43155355154
13075077191
172103997
217096678718
41618589248
64343754700
61109303581
31759415389
20895943935
184389482095
75988214319
72693905784
65992358988
48453029475
95020779916
162004261207
1352909771
53718234962
133848311052
44893951138
68454339520
5095622208
10267127856
24160972502
93696479886
50087420693
62017842820
13217232774
96418752737
33958009087
59556964522
26577696524
102328571273
29182857143
38649220450
19545043585
104442913255
48500707335
29633065192
19866963124
88448617045
166903351280
17249430120
9953460371
84345812088
11338590617
171197709439
69215253338
52899706582
24726397363
15820079498
37365814981
137498001204
40603088117
160177891383
126759935390
21744659176
94316346613
29793632428
3461337098
87778624472
107048776051
61583097452
15424254989
53650985008
66472514994
40296262542
119255951116
20827748795
32520671256
54299936888
54200200134
59819163258
16512084831
111288318779
179789026071
100817130742
78603766219
11063083339
50148807052
143846054256
2473575158
49772384352
110610647438
12722744145
137916276492
102498500362
66970354177
59971885567
51040640819
16327908848
136238583801
26464836715
123609004644
39855859406
92000706940
183440932303
155612558720
7834701157
30238114720
76239120762
27057168681
77094278810
4396979699
4814523642
10249693825
64956829131
58201201388
71487695559
90919733442
11728316714
111780803485
32693419855
4974345910
30264114365
82410639980
129561091316
16658832662
169872827909
10340800901
83237019144
17530859186
10049198741
10314679475
18707581429
7003227968
165441339735
46033967774
8878258513
87211969093
47597673811
36264965532
21532341027
38720196680
67658586377
13919217150
33762179180
5118979629
99095881380
5631914787
30662648335
108710708
173072934051
10493446068
8373472981
14698711817
34470697625
65168028662
17339784896
14683326534
169486024447
62809252379
4779508884
2281383279
5186910666
16962490954
1355527775
104746383715
5321903485
651525633
136813638713
56404791141
56998716339
190534515691
33033468814
11395484846
161137073245
988937338
30895664050
4243766884
21934997301
30746999253
125989620036
27535988548
36078639779
31332213259
3508544590
32284481037
31037709204
62119648328
15878653826
28683569888
599566913
78135965677
152109276705
3653466390
149010799151
20723683759
11563053942
33552806119
72581909033
124958864179
4613488955
106165565934
126714923030
137490591081
1775161194
7989503537
23278145701
172857059246
64501393231
8913866042
37173063295
82003046385
162175746391
168202032084
81816599282
119364622121
23961635675
152701357530
181525029479
37760235676
5919928967
51663481998
57218671032
53690265225
104018549131
100513605701
69313738057
147958263954
57949263135
88065195836
128042559788
71851238588
3703438771
150501995794
58163588273
5166565753
6386428411
86356509094
6798067691
18222845959
168831146939
9139610000
115635941917
48277809144
63300878728
204798069281
163717374605
85324131027
102547874032
5239728400
12939684279
76033404084
103477674133
102964061920
96532746731
28811143230
42864652515
12693755241
179625715227
16530908737
86717776694
5665146080
57976966946
55089614500
177845494721
34578075975
13921096307
92898551714
11321600699
8438741974
68569013249
43263357505
6845284332
24903009857
19859950348
9726827974
60144599520
117345919385
29093329455
21650735573
7797109560
121310112271
693693306
7784293274
19806840069
1972278612
128315275457
1308674747
57190282024
27419709494
15690859528
20551595023
22856885642
13836725186
72605262731
81630143223
39983676128
85760091877
6430670289
50406715126
1252220058
14671824482
18395039013
60356853516
110517126536
142693391716
71859709333
13527974963
80460240655
151243918687
24714129935
54334860722
48890076045
14150505016
14916365586
2213962756
42885040609
19279492458
165879454997
2015655952
52369217316
7300029659
104172815259
143777469
107447120095
28327481084
32239253245
80629317526
7743910912
8891688986
3202048432
14870655404
97610849135
19425716062
34481869014
69349438794
8204529308
5787978829
211630252782
50876842174
5769602452
95795462846
107512344243
36629179819
22642901408
4418318206
126923891775
80715941719
37007760956
133490828276
14099802682
93180660114
108571892200
55070431264
80621375497
860980653
24524673620
30964728669
64814507386
166277782552
210523549596
32468342443
201183197818
28074962440
52599904826
13394211240
113311892758
18246289547
12410451180
65355189772
34206872839
838820706
4587373926
39688492798
117297263503
145598030059
52533656589
5448173784
175954388740
121997505539
157675944938
141087962095
36351410023
23778521348
96520935245
6322881679
103160755001
6163912634
83341108849
8822755418
57391017613
19706667802
45348211198
152153541690
15540714293
3144530724
86889148098
64973287243
16939425625
10221344945
20019645761
191294874837
170205868784
29343394766
13715862245
97913344269
109170222373
1813818404
115418960139
74118432524
46509070402
56731155938
52293660956
1675070094
100214226566
153217021009
72304743864
147054896809
50867367337
