22036
28838
9196
2061
14046
3094
20354
1968
26162
3120
25094
22808
24780
10077
24005
642
27886
21943
15060
2723
13279
16891
8528
17309
593
4674
8220
18777
7584
23627
2040
10921
515
6510
23176
1297
23859
11200
512
19806
9824
4576
4324
1559
10368
22524
8669
23269
26158
4964
8525
388
22532
11054
20281
2105
20365
22364
14330
752
20043
705
13779
27310
25174
11268
24858
6205
13044
5777
19604
19922
7166
6607
608
18333
11661
17850
14950
11842
19414
25519
26692
15832
17847
362
17955
11487
14049
27672
22421
12173
808
19590
9783
1257
11754
11040
14937
27842
12994
362
27842
26348
25308
29032
11130
2831
25304
14696
6080
2604
10972
3730
26815
15614
13611
28736
3957
6004
13993
10252
4046
24083
21561
18836
11818
17672
7864
1528
5546
7499
26032
13687
19448
6793
23292
21674
18434
20122
2103
20756
12922
5547
28779
24815
3707
27794
19189
4049
751
16008
3760
8846
22714
28855
19482
24212
24986
5154
13999
11140
5583
11663
15079
12473
27414
13089
2016
357
21891
28117
16866
5725
7673
27084
3456
20318
3991
362
2105
25619
25367
22175
12028
8317
27979
22433
21167
26467
4533
11635
14301
3933
8211
19142
6256
20028
6612
13002
5130
9504
613
26614
6912
15684
15130
7570
3043
5118
20
19119
24934
23814
26625
907
11742
13133
28679
15733
13108
21174
25937
4077
20311
19402
13068
11222
17107
7496
2067
15931
23439
7567
6283
9042
12905
3577
12894
114
16279
19670
12727
22143
18412
23170
11636
8870
24176
19311
2150
20128
2889
17806
7975
9080
13953
1647
6179
16676
25169
18621
3719
6282
10412
10091
24578
12724
22770
7517
5913
8391
2249
13752
11475
3242
15651
1936
7600
22493
362
5274
10225
7884
18562
8849
24496
4392
4403
12245
28164
613
338
20109
266
9953
9494
1472
9434
13083
24413
24628
752
5881
7447
13270
13085
16786
146
25007
27910
27792
10818
15403
15134
10989
4041
12000
26957
27534
23125
5265
4901
28256
17502
21039
14626
116
5810
19614
714
27131
12885
13991
8403
17671
3402
7864
19672
18459
5818
24801
11108
14332
970
7399
4904
2963
23503
7560
3576
2170
22882
26991
13557
8299
23171
20872
23269
15077
27868
25344
17200
15648
27849
4711
9003
2095
15011
1290
15540
16810
76
870
19448
20278
15135
6673
23459
16286
10386
20944
28968
20284
14031
21608
17314
669
14340
16847
3528
18729
24634
9157
6151
5938
27743
27191
15506
29089
12894
6978
13903
24011
8844
10836
14474
1693
11083
21017
26311
889
20521
7752
8702
17470
16471
24808
22624
11046
24585
15185
2453
27401
13260
24008
444
9545
5359
3860
3945
6845
2897
28621
9618
8753
15976
10013
27151
9937
27575
22151
11198
10315
642
12464
18477
2175
23052
20
18665
17590
18693
4808
11423
17688
23884
17036
730
654
2354
21377
907
16810
3864
18398
13405
5854
13099
13800
27687
8521
23859
28304
22705
22798
10746
3577
3013
9340
24474
11400
21680
168
12841
116
22708
17315
11840
1528
18072
24080
21977
12229
4103
281
8750
7886
16625
24695
9940
28916
7383
25349
6136
15288
23508
24944
21630
2868
3993
838
26818
116
14283
28624
14556
628
19076
11237
27868
28094
381
24621
11031
362
6472
17309
25897
5075
9035
2029
16525
12289
20709
17993
13328
17732
8119
18186
14702
19928
6883
22251
28590
4208
27726
21230
7229
8252
14727
362
16279
767
26221
16467
10493
7219
593
21607
13912
1207
27461
23210
11334
19508
2431
16866
8848
11690
23417
26460
19859
22234
6224
26434
13914
6442
7810
12446
10551
27993
27982
916
15856
24286
24579
13975
119
22142
12423
24983
8669
21623
291
23030
22528
26393
10973
25181
12180
28749
9960
1642
9461
16486
13451
4167
3101
12821
13230
25667
26842
22567
27159
26061
28185
16212
10020
9029
6850
10704
1933
9638
5860
8205
13968
116
26639
7476
1434
4765
8934
9775
25492
2043
18794
839
22068
4232
26884
18096
285
11454
22500
18958
12601
7031
7282
11402
15043
1175
28102
16866
6177
5864
20096
2655
18891
27033
25363
13493
26738
24054
26880
382
26839
14670
11643
2258
24118
311
23395
13725
20162
6953
26763
21457
4745
1448
613
23505
24593
1692
9879
23930
9182
23969
1816
23151
20709
21800
5791
5118
10560
28521
916
11832
7070
12179
12685
20318
4899
9282
2729
15741
21260
519
9931
4616
21023
18191
24162
24061
9197
24687
22533
151
1434
20212
18941
24052
11982
11379
8175
14474
9299
11343
3718
2868
5733
12077
146
25884
28609
10810
27657
11285
22822
7164
11750
23859
3428
7261
11394
22142
22453
14342
266
13194
7106
6308
23235
28362
6758
9045
4780
3555
11590
28272
15004
20028
16353
30
2831
27762
7983
18968
2948
12342
12100
20476
2067
2926
17036
2706
27892
4961
26935
457
19519
9732
14055
8214
26402
9954
5499
6701
17694
23173
8769
10063
18346
23843
6778
14130
23736
21817
22623
9200
17764
1172
11247
16835
17369
28035
8853
17019
25847
5571
5821
11655
26117
25000
12894
15509
361
27126
21705
2240
28989
2652
18151
23193
20831
18801
25068
11932
25335
20963
22773
3086
26594
853
27797
151
27104
5749
26130
17469
116
21670
6295
10060
1186
1251
25414
795
7866
11994
4645
15643
14200
2806
25146
6315
15245
12554
11724
13405
381
23293
22937
11705
9886
318
18938
25178
16786
20944
4918
4542
24565
24528
25997
13918
18361
25786
20165
25400
5506
8719
4125
27841
7846
28191
8510
7446
24204
22636
8471
6939
15708
16093
26880
4840
28094
2278
8718
151
22201
20867
1695
15276
24402
26295
3411
14466
28385
17106
24265
14302
19056
20145
875
27733
9831
11558
18248
13691
17053
20938
15675
19570
20477
19818
20852
15973
482
7791
11196
27066
22444
542
7284
824
7116
26954
3917
8103
766
19316
27441
22906
7870
16761
8858
15630
20031
2487
23975
18370
242
11526
15970
14360
9632
2029
19
5639
6592
13188
9432
7496
4968
20319
9572
15091
7029
10653
28048
10140
18229
13272
20460
13365
7317
19191
21871
100
13946
21867
613
24448
5452
3707
15053
13462
19833
16943
8154
19990
24588
192
7753
5132
19312
7672
20736
10520
3796
7556
16764
21070
6795
6523
13698
24272
2962
11109
6734
20554
4068
1557
3608
28765
22197
26037
407
28202
6635
17121
15217
4166
1293
5073
26731
4900
4303
14415
12466
19630
10215
25096
2997
14404
4018
5035
23389
21892
9398
6036
8580
5107
642
19351
27492
21914
3163
20446
1004
4415
11618
18459
15267
27719
4498
29061
9162
1070
24850
28550
22224
6774
1178
8483
11261
17217
8381
3205
19750
11009
20
14143
15236
14823
714
17775
7550
3114
9157
13549
4929
26715
907
10972
3646
21310
22726
18442
25073
11119
24424
22979
15497
28632
362
13346
4822
14303
24805
7251
13233
19221
16330
19312
10340
14576
28761
28690
3052
12864
15391
16740
21571
916
10178
6441
21511
6604
17645
18237
16992
20365
21807
14403
11585
9060
22965
6078
3495
3875
19845
3280
6037
15781
2582
16036
6929
12897
3383
4415
2109
15299
8530
23125
11950
15349
13365
25623
20
2724
1998
21028
21063
12309
642
14980
11408
9933
4130
24511
16671
16315
12423
21444
22074
17830
24271
16093
22524
7752
803
19696
1606
22229
18141
3660
3625
9572
21615
12347
17466
24409
20129
9456
14427
10595
2203
23553
1362
1079
266
737
8893
11085
6888
13811
18054
17306
12853
8324
14593
5022
23056
23610
9960
4302
13399
28978
15352
10917
22819
6501
15557
362
12305
580
15234
7657
14075
9194
24323
13386
23415
7369
11070
15769
20291
23952
10490
24782
18341
4470
20880
8097
116
1028
6929
2271
24209
7558
547
2984
27735
9712
593
26650
2757
4405
26638
955
20726
136
24782
81
10895
17246
21604
28271
22826
21298
4196
6922
26925
14759
5116
1744
24129
11120
15192
19530
13328
23545
11734
27518
13541
17726
17635
657
19638
23079
24413
24080
24996
19947
13500
1164
11743
20
19758
25704
5004
7060
15471
22948
8234
13447
28650
25897
783
27385
2782
16275
7256
1042
10512
15022
15570
14327
23629
21167
10925
4034
8055
18671
26558
14556
24871
20436
15906
362
12944
25856
15641
11637
22850
11637
3182
16434
7445
3787
21911
20775
266
9808
17874
9941
10258
12379
17494
357
24624
13752
1342
15018
21102
25153
2592
151
21584
10611
4114
2780
18894
2390
18583
4055
24277
37
16871
5717
27599
14367
3428
916
2771
27110
7747
18109
20
19071
9306
14173
22250
11627
6349
11337
12994
27641
9262
5723
13233
23610
9777
1469
24606
18521
25098
20950
593
25387
23197
24199
907
22386
851
1677
1744
14403
19873
19247
10041
18679
2795
22544
21907
23629
7299
5790
146
18753
1653
19946
9773
17100
2618
26119
1232
12801
7944
19378
22223
27789
14624
21529
8501
10076
27762
12939
16903
14053
6758
14046
1904
849
17501
23765
15921
20603
362
10160
19920
27422
11950
25299
5170
14671
22983
22795
12207
9489
17184
27003
3776
16190
613
12621
12939
2994
4724
13735
26406
2851
23620
5359
8685
7591
19325
19183
2624
11652
24878
14572
12110
5363
28272
9790
21782
362
18096
357
146
28421
357
22003
8968
10543
15374
13641
18255
13812
29135
849
11163
20399
12727
15138
11975
5346
20824
17836
8608
467
146
25872
16780
12841
7635
14980
144
7299
357
23030
18431
15128
26983
19
5108
23256
20499
17317
12747
16733
18758
16165
27838
23888
26931
21512
2582
7383
714
3874
18205
9887
23213
7253
26412
2911
17167
5747
7316
8252
7824
22539
22466
24784
22514
24795
9887
14980
12100
21412
16438
9537
22005
6709
16768
23534
18696
12907
11859
27607
22523
21386
18304
10938
11397
1062
27982
26354
23814
17664
13698
19863
5949
27818
362
13809
23952
18134
18035
647
6140
10023
21248
23770
7458
266
19097
25625
18999
9806
17588
188
8681
15686
3587
18014
8310
18670
9224
5939
20789
21948
21504
9495
13222
27141
25387
27868
25962
3267
12601
593
13353
24153
4581
18050
25583
11940
4685
27683
11785
25325
2517
21759
26813
15349
3960
22207
642
4458
11536
10368
14795
6077
15198
12864
23170
19269
13678
18493
2984
362
249
146
4726
29140
916
14988
17588
642
21928
21807
5351
14567
21487
805
6694
5144
1714
642
6220
11929
21716
13270
6701
24049
19683
12951
23988
4881
26953
7619
20816
25341
13925
593
21085
17389
3703
2192
2290
16553
18509
747
27788
4463
17286
20775
116
25826
11282
3376
26472
27267
20142
8428
6089
8594
11456
19656
21054
27094
26337
20496
26952
23436
3362
24082
24491
14902
21855
1714
9348
20028
16971
26602
12492
8573
12574
19482
28033
18615
27224
18973
3956
907
18075
593
26679
25884
16439
21943
25104
18105
14367
20
6583
26747
6721
5100
12839
20900
21457
21972
12504
19631
11558
15523
18448
7461
2955
15786
28711
5988
10751
14284
8834
16087
19068
26286
23001
14410
23196
23123
12857
5009
20195
4400
26585
23691
12473
18194
3161
11035
281
381
11627
7588
10014
1441
4636
6005
17544
16630
5910
14474
7429
20165
20
417
12189
4500
14851
5135
14923
14192
15174
24237
22496
8066
4521
9190
11270
25706
281
12089
27887
12963
15495
17112
18606
4058
10768
5630
144
18749
19352
18830
14291
8835
24531
26713
377
9367
6234
26528
19626
3487
14653
22869
26295
15673
656
17775
9712
24205
9880
8577
9815
14047
19361
24695
4740
4423
9027
14456
9132
17870
16988
19757
17935
5546
5051
15677
24109
7894
1887
22785
17118
16935
7848
22636
24190
317
5815
357
13877
736
21749
13915
23461
4229
22751
14238
19791
25441
13997
26255
18655
10654
11962
2381
15666
26852
13236
22809
16924
23306
593
23213
27661
1176
7685
9689
13066
6616
24477
10690
10074
3364
12505
27295
4572
1101
27654
9163
2574
8559
4235
2449
23053
17080
27579
12496
26191
7714
13996
24393
7962
4429
10158
19903
21895
24224
5764
4565
19939
5227
18963
15917
8243
14442
3938
916
2951
5367
613
17937
26634
2032
853
24461
4836
9524
1980
17752
6544
17574
22842
27228
12553
9004
26914
1779
3449
8605
2807
13910
28304
22685
10144
13296
15794
19896
27364
27439
16016
24765
19857
5142
18205
25617
26727
679
25520
5128
14838
14731
18736
2109
4167
19348
29132
23354
5168
27895
14631
458
14761
25516
15791
19042
671
10536
12909
19739
9372
12561
12617
23827
11279
18177
11405
13312
19778
13258
22050
6762
7406
8321
18794
20450
14623
7827
3771
4038
28185
144
24189
22999
25619
16002
7000
1547
4798
26557
3849
20189
6400
17929
15917
8760
15496
9253
714
17146
28869
714
16663
13890
17581
16392
9491
8508
2316
682
7678
9412
6124
17439
4281
21468
7963
10212
1114
25052
11117
874
7343
642
16282
1062
25323
9186
21806
9209
20
13480
14558
2257
26045
10796
21405
714
17242
13298
3566
24495
10831
3049
15605
248
28263
7265
13656
2128
7662
14231
10913
9647
19402
16601
7886
281
19753
5500
17780
7093
22151
8214
21789
23709
12307
6133
10128
16697
20571
24761
5111
28166
12859
10067
3239
820
2597
24646
21307
16721
10708
24271
4098
323
5309
1028
3585
17886
19667
16486
12676
27654
1392
6768
21807
5650
12638
7375
17373
28104
5475
28835
9512
20842
4541
5449
25538
6669
24715
24718
20735
16814
4233
23766
5489
16216
27775
16661
642
18456
6805
7897
5472
4033
14369
28571
642
14839
5658
26105
12116
14879
25741
21180
4103
281
505
5537
7954
14196
1234
19214
27521
9650
15579
23560
11242
21347
5199
6158
18753
3505
12305
1437
23283
27757
13278
24729
10312
13842
15455
14980
11237
17339
4725
26964
14836
13880
27830
24617
27356
3051
18695
25611
28081
17360
19702
26512
5218
12637
23285
18378
18484
27525
1862
13643
15671
7299
19656
28834
281
27525
17303
16168
17041
19630
2270
11743
25174
3356
12256
11106
24407
13899
15442
10022
23657
26742
13712
14090
3368
20282
4996
8778
16843
20288
6332
3929
15730
3070
11373
26536
19850
28538
8917
773
8851
2052
8617
1146
8965
17127
12775
9377
24980
1411
20709
12897
18418
5107
24823
3015
12843
24873
13138
6841
26594
25984
12314
20641
23947
13247
23354
6613
27521
3231
1672
28632
9879
13828
7427
16407
21283
1690
5714
7284
9348
5647
12289
20976
13172
151
27084
17505
19761
18406
19414
5925
11035
10335
5703
20071
26881
13455
10301
24962
8829
16659
26642
13638
22954
3462
9627
3865
18095
23190
12211
5202
4634
12038
1908
4709
2675
17998
12145
3729
27021
6328
15077
6307
3615
6922
11269
28541
23299
18632
26267
18950
7912
581
28716
5760
5260
18390
2564
24282
7209
13117
21547
20336
16636
19138
15195
17
3530
4739
18719
11067
20273
6934
17059
9959
24905
2791
15651
14676
6345
6676
1664
3532
6332
21188
14183
23336
23443
28976
6263
22501
26426
7639
27575
5316
22093
1515
8956
5435
11427
916
25590
613
144
26786
13500
22905
25868
19068
15374
16288
14588
1887
19470
26476
1034
13470
4132
4919
15417
3081
8799
17420
2132
25442
20910
8821
16797
4368
22817
3323
19629
10860
13129
7568
10147
13116
11971
1251
27235
11035
24291
12034
7741
1031
24367
17830
24739
5714
1762
27575
21689
17574
12839
28008
4741
12288
17100
13514
22704
1265
19922
26688
17285
23985
18941
4660
25789
5372
129
607
5231
24617
18156
4675
12466
16585
10273
6010
20350
714
25839
6749
20665
15276
19448
18243
18469
2064
1334
3248
5945
3034
21373
27533
116
8175
21875
19679
5571
5745
8938
10026
24713
3718
4782
7942
168
907
23865
10430
23583
21284
13825
4340
12673
20131
192
18684
3018
22980
642
20
21031
24723
9432
7261
11842
25071
7925
19127
8949
10165
17516
3001
21304
22394
14373
20114
3374
3363
19846
19211
26666
18429
1801
14392
18187
23995
24828
11465
1747
6161
21378
8795
2821
4392
8964
6135
29015
16281
22541
17534
21144
2128
23928
3241
11558
8476
7925
5723
15029
15295
4146
18022
7720
4838
11337
17710
25720
8229
26164
1739
642
19902
23669
5215
21802
21298
1664
4281
26310
23640
13386
14152
642
25936
5088
21873
9361
11303
20056
22099
17838
3346
10003
8917
1512
20418
4976
6020
21775
10618
14671
26626
28632
7682
24690
12056
22766
5729
27018
18291
13861
19962
11496
24489
8583
20496
17285
2276
25800
2223
7517
16475
6452
27567
19073
15207
3188
1137
15201
125
24964
15889
1042
1334
3695
14851
16472
19446
24993
15754
17616
27830
24094
13282
1531
3074
26522
5346
14075
28883
24099
362
5073
4807
23766
3815
19459
8042
16431
26861
21416
613
2206
5194
26474
12330
6859
22707
5288
29015
16635
268
19614
19144
21864
12428
12303
4425
2982
25997
18367
23846
27930
27930
6944
25485
21198
21654
4918
1488
10728
21797
28757
116
28075
3181
5104
19127
458
3753
10003
14356
27426
23342
15100
28268
24897
1011
11119
20093
27531
24008
4691
21890
593
23285
25685
18160
22685
1957
20318
14938
24689
9031
146
14281
8026
5100
26937
1159
3908
19117
1274
12371
24588
20763
6067
27506
17363
17273
19872
281
22215
25937
1478
22794
25315
19212
23287
6517
7199
263
3039
2570
27569
21896
22425
24856
23182
16218
6107
23461
14526
16210
4883
3700
7278
22794
16335
12589
3680
21643
19750
7579
6418
11865
11119
6979
8798
14854
4980
20770
7659
7282
18093
13434
21093
20436
25059
25443
28805
14776
21328
9371
1672
26547
27599
3755
18443
18452
3700
10339
15224
26328
10534
144
20914
16151
10768
27495
6365
1399
1093
737
1835
20138
24304
173
6664
7654
13745
4214
146
7363
2582
613
48
10795
9446
2514
2762
281
1062
24676
740
19782
6832
20611
22285
26137
4593
5517
7587
13411
12801
151
16888
15681
11053
2274
25167
27500
22028
5105
19255
458
711
26991
12685
146
16319
7539
9863
281
7269
2245
13486
25799
281
17155
9178
1057
9650
151
4530
7181
5710
4132
2345
22817
19205
12914
9541
27245
27647
13900
227
25733
13099
26659
2059
10746
18048
16992
11759
19792
15097
9805
357
266
16754
18279
19784
18981
18736
13478
11127
19611
12636
14966
17275
15297
1693
8279
17717
12713
23912
4668
10629
11743
21885
5748
25238
7988
5222
707
12820
14919
10563
9288
12853
22696
2246
10403
17816
19770
22027
19191
9610
11551
21678
18604
1912
7923
10225
14558
21234
27868
12720
23656
6179
20812
1672
6086
23843
19579
4280
6842
28030
22186
19856
593
26707
23207
23843
21844
14437
26786
17217
4177
11566
22278
20
4237
7550
8860
22307
11635
14673
17021
8375
27218
5288
1271
26435
15815
15901
19182
19247
514
26593
15922
20189
1465
13641
14778
6037
6673
26213
15341
17302
7136
20959
16424
22405
19441
12104
18938
16755
3356
16170
27892
10017
18099
11539
23078
18734
15160
2376
14506
11281
691
20649
23851
17675
17538
2633
5455
3463
1582
5542
22306
7186
9070
27574
5254
22003
27506
149
20093
11982
10404
24723
730
5378
13568
20986
12637
8608
13160
17275
26818
6789
15828
4853
12145
1512
21358
9664
13788
18795
23266
5760
11619
1725
6742
10589
25959
16194
19975
18289
5698
711
146
6826
23503
6199
9332
1613
5291
13865
13353
593
9372
371
10083
5163
12447
12022
25667
362
13403
14157
27441
17131
26674
4725
10212
10225
1587
11482
23763
11261
6631
17087
22061
20065
654
16928
5244
20166
14271
20463
7166
15791
6987
15906
21814
10676
11090
10709
26818
18180
21787
4461
2894
18095
17924
16027
15767
14839
3748
28946
12037
23768
9402
11443
577
7042
572
16650
4708
1062
14781
362
15057
3397
7995
22367
16296
15301
4744
25313
19627
9921
24103
17739
23170
23883
1534
28609
10461
13353
10861
19679
5880
21815
25352
10957
20250
12638
1310
22514
16883
25099
4569
15776
15209
27770
26842
2033
192
11039
25601
17651
12449
8573
21438
5709
17232
25437
23263
13719
12013
613
23134
1285
21181
23015
15029
23296
714
24456
8940
8744
26812
24456
416
22496
1220
24467
16050
266
21973
15553
25265
3001
13503
2761
18775
27790
18655
2065
23455
25997
28350
11035
6391
23791
17309
9667
25020
10017
4919
11208
1787
1895
17410
28330
4231
24283
3362
18106
148
10795
21844
13194
21242
10973
1401
1359
23736
6633
144
11400
18412
19733
4395
4202
25715
2975
15953
3127
26198
17715
1194
8595
14983
15171
26902
8903
13578
24926
27540
450
10039
14031
22907
8469
22839
17238
9644
23865
21566
4193
2338
8734
1696
9469
26668
10102
13752
16192
3414
21705
19003
22137
26130
11281
28684
3001
13447
11646
24694
9954
27817
23576
19295
12815
19125
5215
12724
21650
6020
21738
12114
1379
9205
6100
20272
146
7701
561
14795
16536
8585
20244
5885
9152
8299
9429
26938
642
21825
151
907
16522
5088
3265
13215
9254
16748
6052
10506
16097
27300
26880
11694
16865
22922
11947
271
28832
4213
10195
25290
6448
27446
14128
5316
18448
804
1103
19711
17649
26668
281
8959
708
19702
11589
26702
11193
26672
25071
22456
7755
15943
18384
27674
873
613
7446
9831
21919
3139
12645
25872
19486
6544
23523
148
15039
3533
23460
13369
24588
362
13577
4757
6629
13758
28018
22726
7094
4764
11456
20559
11663
20
12040
27073
23196
12943
14111
18741
12477
26440
3873
6234
13545
27300
13144
18243
151
21377
10448
19848
21560
6586
16537
1781
25681
27176
19010
10923
25081
26691
26742
11046
27726
9638
6527
14652
10023
1184
2262
10401
8845
22709
151
28365
24851
18644
13915
632
23549
2408
15865
91
2345
13687
17237
1062
2032
19138
6041
16755
20837
5545
362
26172
9119
26441
2035
2007
23177
2406
18057
14271
15640
9132
28703
1843
8503
7333
20893
23079
8734
77
21892
26666
28813
12823
15930
146
27661
8038
22755
5692
26537
6487
15469
25169
27536
18239
4790
23749
13007
1413
15374
26607
13366
11337
16364
17395
144
18529
9577
19134
26332
22133
4352
23205
16441
13280
25227
11182
6635
5367
11328
7604
654
16467
19556
16731
17426
17914
19503
22520
1714
18282
7766
27425
19460
1473
17343
3635
23491
4464
17528
10759
19816
1984
28216
17080
12981
4348
146
1114
21307
3444
3047
12366
3001
27177
13828
27728
1527
14022
17869
24545
20192
12649
24448
18680
18470
2882
17080
28585
25813
5316
25587
18946
9610
3502
19708
11925
21446
13638
2658
5734
6592
21057
10140
27249
2478
3390
790
4785
28729
1201
18348
55
19467
11425
22659
16336
20650
22759
18458
13586
9859
9764
9703
5133
6367
9198
5537
714
18299
3167
19182
1677
28869
10202
10624
19761
2679
7252
21940
21782
24168
8956
5986
17283
10875
19699
14247
14687
7546
7570
18431
24226
2112
15772
19590
16457
28524
5659
25881
8521
13663
27725
1010
159
19752
17671
22387
21434
9685
13019
2623
26614
413
1062
7914
10603
16087
4861
19474
27841
895
18053
5695
12537
26544
19545
25844
18614
19076
5254
311
1279
23898
28299
5643
26842
9013
1114
266
7117
23763
12800
27340
6825
16006
281
23375
22805
1271
28853
27337
18018
907
25615
10201
27135
8048
27219
27401
13915
21422
15946
281
8497
10654
5421
25381
13216
23749
28853
16532
6439
20356
2899
27267
18337
13890
119
23677
22353
28329
8366
6562
18968
269
6503
17080
18307
19241
22600
15991
11842
12281
19594
9450
1739
25216
28185
23749
9203
6401
9219
985
21698
13957
657
14712
27046
19078
27476
10493
16537
23395
22424
8860
1156
23270
3671
23528
23000
19979
26852
12013
916
18991
16379
4436
19082
25400
27290
1550
20512
22691
11098
22699
12302
20564
2280
1998
311
23720
2278
12411
15006
20456
19420
15178
4415
13244
23468
12126
2955
17862
6055
25249
9119
3718
12402
25941
2628
19579
11644
11418
26633
23881
23460
5987
23081
3965
11037
12211
4279
2324
9148
24946
19971
2016
17967
8379
10572
21141
15195
4586
24628
20298
17522
3515
15541
23405
27411
3783
12466
12369
20262
26233
19576
27599
8623
14347
3232
15815
6343
17498
23494
593
6860
4910
22524
1071
27042
16690
6767
27092
23873
9742
11687
23055
20971
21003
19251
2856
24871
2262
20612
18084
6827
22913
8781
10561
24558
25627
26902
17369
4897
752
2630
24060
7684
8823
1060
6061
20321
7912
1694
16899
27191
192
17165
714
14201
13031
16756
1212
6221
13676
19315
868
21522
18444
13634
19306
12370
13727
24707
13688
27530
22432
23939
14950
25383
116
7859
11749
11725
28479
12384
21896
22460
12805
23105
12072
13195
17716
13948
3851
12157
11622
8820
22330
15028
21449
1259
16330
19028
8310
20444
10249
12949
1621
9058
25273
21849
14694
2433
23279
1010
19297
1787
8320
5538
22433
17923
27003
25657
15213
9340
22898
6602
26101
589
27849
14052
15000
23526
21928
25745
21789
6827
10376
14226
935
24803
1562
116
17728
21584
14247
21699
752
21445
11690
13277
14770
22617
25726
3528
22993
6873
13983
7658
24252
28205
27549
25214
17463
6863
13171
20338
19383
20715
12395
17167
21365
11619
28565
24842
17552
22679
2016
388
24442
19489
9272
2245
5198
26018
2996
22989
20278
6718
6023
14303
9563
20172
17809
10777
5268
9693
25369
28017
28558
29216
16294
20658
28046
10294
22667
5482
1488
17184
28179
14349
9711
3192
482
5702
3532
9843
7164
19705
146
20243
120
22507
18973
6386
990
16249
329
19060
281
17346
10985
146
3996
23134
16368
18045
20061
22808
2368
14255
28168
17891
1706
593
28539
18819
16675
642
24229
2973
20417
7125
16037
3437
22028
25620
6341
18238
19859
12906
3001
24162
7373
2996
15073
7822
8381
16107
18370
9815
743
16192
23975
1979
10560
18585
18253
4769
23505
5387
151
23777
20841
10492
27154
4913
8683
20661
20581
16286
10421
16097
14531
11560
3182
2648
4103
13803
24555
27123
22405
6767
1512
13100
607
4334
2776
16192
16003
435
27191
13638
11577
357
192
13216
2975
27537
14996
12320
25798
5680
1800
266
8342
7288
16057
12007
7988
1346
28736
15686
23817
28861
4813
16969
1506
22679
28137
9705
20
3025
13200
5545
1114
28191
22477
18589
4838
19830
28861
4788
8639
14073
4171
5789
15919
11865
8065
25771
25221
12280
10382
1621
22130
10490
10379
23393
13953
10365
18751
8415
6918
15649
6700
3312
15413
15513
8908
5199
6517
916
16806
982
13683
27778
26536
8579
4525
1479
20603
12712
16993
22401
227
23595
11893
2633
1594
613
9576
20938
11075
281
8079
3815
27438
974
15583
4485
15364
3033
12104
10794
9702
18763
12311
7167
10296
192
26273
750
25277
1338
19795
25163
16676
4519
25961
1931
18130
2863
21157
15423
9783
22557
7534
21800
18973
21292
5307
16213
19321
18304
28175
3117
26667
6532
4461
20798
2226
19419
12103
11046
19283
17561
4214
26591
3839
27533
730
2593
11319
20933
14846
15099
26410
18481
8054
146
5142
18925
26433
11172
21699
15615
22115
28701
7659
19387
19895
24349
8753
17846
22000
6056
12685
10627
14470
7263
2080
12526
12691
6751
10464
5695
4542
116
25799
2882
15080
29119
26955
8436
19707
24244
9086
7516
20053
24159
24466
14281
9796
9704
16066
13771
10580
20338
20109
14765
2859
14177
25715
4211
15750
9517
7405
6128
10313
14442
23393
281
19714
26582
9380
17459
8769
1490
27423
23883
9383
6032
146
13255
8521
12617
16531
19774
7505
3834
27240
23968
21757
14188
10236
23985
11837
8260
13073
24125
26241
25305
3650
28712
10086
25648
6701
5881
19665
907
4245
22433
25593
9294
8691
4161
13403
16056
18132
20403
10811
916
12414
17590
7390
948
7277
6465
8754
23982
6289
17389
2506
4552
5653
1075
21882
13335
23350
5752
8737
19318
9888
9099
7821
6891
20418
8824
2975
5449
25171
23242
20249
28427
654
26731
27090
20879
16448
25162
23441
19061
24322
27246
27651
21926
23738
3472
19361
18252
8980
4582
6958
13431
12358
13268
26343
6388
13464
12256
3921
13624
5571
18632
20064
11988
16746
7502
20942
8006
14556
7196
2674
18337
3054
25071
11535
14506
362
13887
13400
21832
25415
7445
2271
20134
19792
15408
13188
19756
11480
6121
2577
14025
28418
1165
26107
18632
24103
8122
26522
6329
8644
3865
2675
2035
7333
21104
15774
17429
18863
3779
4018
17700
20429
14687
29089
22107
17061
613
4120
281
14907
2054
12090
16392
28396
7911
20575
17283
668
25675
12403
24819
20914
12844
17888
8320
357
2961
27189
23011
19679
11748
266
21871
13799
9072
22107
2975
77
3368
17836
27537
12989
26471
20172
28179
17282
20233
2579
20981
16977
15197
2120
846
26205
2681
22923
592
10195
3656
25514
11425
21687
27430
13405
10627
13204
23090
20574
12843
24208
8681
5864
6095
15079
14827
530
13332
305
27882
13752
8573
23435
5222
13821
19471
4256
11999
15914
14263
20148
28271
2206
28470
14305
1082
812
24370
22720
27033
3372
10995
11150
3001
9325
8888
19139
18425
9797
23438
8597
25415
24824
22124
9579
16124
23111
12859
16077
26832
8170
13612
6928
9800
17492
3011
24229
7062
4908
24854
24449
2806
13831
586
28946
24204
15017
3166
14839
23807
13565
381
17480
24250
21057
22518
7785
13557
17091
12024
1680
24715
25720
28739
14046
12090
12145
2610
7402
6063
28117
20
19554
10214
16535
2530
4040
19410
12853
10614
15794
24926
27123
18713
9858
20740
5995
1407
163
21500
7783
4883
146
14315
27479
3085
1970
27233
26339
13918
11428
22148
18495
8354
12176
26373
21890
13648
12127
27607
23538
357
1116
13531
11366
9826
3398
24648
1714
20130
266
20641
27116
25214
3960
19957
9763
10390
15525
21302
27707
21781
15828
15428
1714
310
1490
26476
17433
20034
21765
14033
3315
6256
18712
15403
16433
17529
25671
8730
16120
17966
17432
11126
12034
9577
17252
714
16341
22989
28530
19127
751
14978
9025
714
14263
10249
4052
17245
484
16448
22175
3723
15988
27675
14429
4648
18365
2679
22934
21015
16746
26385
11580
7325
22730
23147
14601
22175
11648
13742
27104
26831
10394
10520
3362
19863
25770
6280
2679
4971
5438
25909
116
11610
21047
14177
21774
6107
8859
480
593
19446
28175
21574
1749
16341
7656
27743
1025
24323
20856
12015
3374
6199
17107
6246
16008
7280
23999
8627
21152
1470
27480
20858
357
23974
21344
13047
14163
525
20569
2246
12019
997
15479
23625
281
22914
4745
28410
18695
26695
16790
18067
11902
13266
29187
7697
123
25919
16161
16957
16233
714
13885
20263
8598
11150
20247
20205
10195
27101
18840
25931
14324
20564
23361
18551
2273
12242
23725
19
266
26346
8165
15053
1779
2357
2438
3017
26181
28340
23528
7335
19
12056
6355
15368
24358
151
11400
3295
450
5521
11456
24547
15601
5585
23361
3467
23302
5962
14132
27946
6545
17936
311
13864
2546
24556
23420
17913
21910
8742
381
20382
5255
2865
20853
8384
10617
14694
16660
613
14506
17522
10490
824
1437
20081
20349
362
10345
25153
12774
7069
5302
21910
1114
27272
15346
29124
16066
9194
10209
1560
333
17405
28692
25620
3417
14227
6367
266
1334
13066
5714
4260
23580
17835
20566
4282
12015
14572
1754
10648
17788
735
12631
1967
10109
16071
15719
25634
27362
26540
14959
9884
28289
15787
9724
17043
1679
11109
10237
28082
3120
26659
1795
21367
3148
10142
3012
23857
11115
13541
15662
4299
5196
281
17016
16360
22117
357
26541
1807
26157
19246
5116
2238
116
3044
17069
1334
14562
3374
4008
16668
4840
28445
12956
423
1145
19209
17172
20272
14046
5033
11907
10215
16493
14141
669
5359
24311
24231
7276
24795
26901
27914
15724
17627
3703
7591
28246
29007
10072
12261
17552
11353
1125
21763
7019
900
19402
10049
9035
9431
25876
7533
18562
6461
991
1391
5969
12649
17598
11948
11799
23723
18065
8691
27194
19213
14546
18443
11644
25921
16049
7677
17190
11471
1106
19558
357
4349
7714
10253
15378
28268
8591
16522
13611
25383
27173
613
15737
22745
21392
1647
11982
5067
3058
24244
22576
26650
16466
13149
22142
23376
17198
23318
20931
8140
14013
21625
4586
19325
803
21618
9012
21386
5523
28456
1062
1122
21715
17011
6865
9638
1562
19249
16020
27934
22542
7925
13351
7126
14576
19640
9278
11269
311
21982
19939
14921
14972
3090
19668
16692
9166
873
844
29132
22473
21795
10467
17419
26627
7818
1161
21814
151
19914
18631
15341
9939
5180
15130
28682
17206
15930
28851
10192
22684
593
16660
25222
13492
15251
22511
13667
24710
3197
29135
27654
16527
14436
12373
17605
17080
26199
10294
14406
27010
19315
18897
20
8570
15790
12364
928
10545
12920
14558
27126
9332
9335
24663
2592
8220
19315
4561
1062
22746
11190
3694
281
6036
28530
8415
26348
23279
10320
6643
18048
12168
747
29062
17581
281
7588
15930
17763
3225
7451
18150
20944
20538
14276
20102
21637
19914
12936
146
16607
8866
4699
15497
3865
4554
8719
28516
4106
20365
14546
20540
18704
12981
11418
28060
27993
8187
9908
17752
23608
25246
19738
12884
18817
11024
2059
11328
19191
12785
11018
9307
12447
27189
12406
25449
16868
10768
12885
26812
23756
14287
1114
27123
6966
19485
19387
22557
22983
25441
1356
8332
8200
23946
510
3866
8934
15675
27378
28582
28047
4580
4046
970
19934
12846
14765
266
1201
7238
6495
27800
11543
19584
16183
20922
19378
27109
22288
25849
5307
25447
25464
10315
2784
23057
13293
26743
1585
4283
11539
5688
13388
23974
18219
593
5521
17740
10166
14979
3566
23914
25248
9572
7164
27674
3163
10839
13279
16329
28290
5034
21198
151
10207
7186
21515
19903
19692
12786
9027
1227
21468
13144
19583
11341
8099
20025
6654
17406
10020
27926
13598
16253
25619
954
22342
28163
5482
7782
2397
24304
16034
673
28770
10395
20
266
6792
4849
5723
27047
26204
28305
4772
4328
27033
6320
25275
13828
4237
22826
21344
7686
593
8932
18938
9887
19831
28465
5660
12496
17118
18261
10020
7794
311
20954
12242
752
8032
3259
1481
19783
14179
8073
22244
27628
5622
5009
5344
12829
19539
1980
13891
27632
8030
27327
1744
24805
14431
23586
13932
28904
19624
17952
4162
6895
23595
13461
2851
3656
2209
19980
8211
24277
16873
2857
15513
7230
14956
28221
114
26512
20061
14109
8927
5475
21554
18252
27774
2264
11687
24389
22498
13050
3001
14806
23483
3695
26598
19999
788
19062
9067
22008
5585
1000
12031
10739
9823
26377
4861
5254
20714
2200
8626
23013
25263
15865
4653
11241
362
6932
7285
20808
2413
12172
22827
593
16361
22299
24018
26688
22434
4522
15124
10076
26691
12100
18004
23633
13727
5073
1474
20284
7545
17993
11597
21586
17244
12
11911
15663
23448
23227
9668
24109
21169
15919
10667
18546
8764
27437
17339
10022
16216
18782
12749
16693
15288
7976
2215
4959
5355
6332
958
11637
20944
20313
16026
17019
14851
28216
18527
17728
25612
5003
116
14163
2460
6867
14540
27141
19733
1950
5086
6585
10516
15011
21660
6370
9265
14008
5638
20251
20034
9446
1363
20960
16511
24695
13505
767
15745
10845
23413
26183
22565
21687
9559
4495
2027
144
17458
1334
23163
14157
5913
9167
7651
25962
2014
12034
192
28289
11467
11819
27098
16211
5319
1603
12989
791
8221
1382
13263
6256
29237
27656
13707
6602
19738
14284
28712
27435
1659
28769
5100
13692
2942
17658
13257
20733
9457
12247
18119
1460
28800
10379
22295
25973
11092
20571
4753
13280
14628
17118
8227
526
752
19905
11127
2727
613
14055
18385
15261
27325
16535
14069
1334
20920
26093
27789
11190
12242
5319
29130
12159
10467
25121
24786
4118
18039
26844
12158
20528
21054
18299
8814
19003
18893
26642
26887
24622
28845
19777
19647
15707
1435
24786
11246
7639
16599
7386
3390
8511
26023
2548
23810
8417
8777
15019
22927
10085
5260
28484
5528
15961
24622
23756
1420
13790
561
13339
357
2189
16300
28018
266
3816
5437
24310
281
27141
20933
12713
400
16223
9367
16168
5461
12432
15471
14074
25118
11929
17456
105
11598
281
12119
4177
11813
14196
26147
23677
7807
2449
10310
23140
4869
9562
10442
3607
593
838
23130
7203
642
9119
12216
24936
12692
5162
25810
9325
25761
593
1145
22702
19355
133
23190
13051
5568
5571
26962
12626
22728
6415
10861
26694
12467
11199
19922
1201
12795
4720
991
3708
21054
9373
10894
820
19129
596
16368
2558
9010
21783
27003
22175
3568
9099
28737
20212
9099
593
25081
19382
26439
25094
23459
25455
11866
19691
5788
12978
19071
423
11228
15575
2814
11303
12125
22514
17951
907
8490
11018
21864
18436
26949
27045
9705
22889
13213
383
1753
19349
19597
1498
18436
17429
3758
29013
26889
2094
16663
26137
4410
25221
17291
20142
15277
27780
5054
24613
22794
8336
23671
26137
8355
24720
11592
7251
8870
25574
21780
20659
4208
22933
8572
25317
29121
17970
27131
2453
16306
767
10845
9436
144
21730
27824
6404
15626
10235
13937
2324
2007
15615
10067
1825
20329
8260
26757
22350
24415
19349
22480
26738
7017
25693
4727
5826
28135
23190
26252
22246
3066
15016
9331
17763
22165
18695
722
23043
24103
16394
25625
17140
24401
1062
17146
12655
28184
23818
11120
25902
146
15877
6332
6829
14427
9219
9655
18872
26688
28884
907
2151
11819
19905
907
22946
1161
12582
8229
1123
18431
27157
5504
19922
642
11626
4752
14622
2826
24902
17794
17168
3893
7224
1464
116
2875
19856
767
27994
27725
266
593
20522
16487
9813
4048
11840
9197
25617
26143
9035
14080
714
13031
20958
14596
24102
4838
15845
945
20272
7873
12126
546
25885
25393
24269
27628
28380
15082
13019
14579
1083
3015
21876
9644
25572
1687
1391
752
19613
12219
23310
21774
15194
27703
2752
3430
16837
1566
12109
24208
19460
25396
3804
12460
11913
1669
12934
6731
6949
27175
1043
14087
279
22086
23439
13260
7276
22421
16071
9824
7568
10927
3117
11533
1562
20
7847
22979
21340
2922
19308
1545
11758
5125
8557
879
9168
22149
386
14179
14035
25593
7978
19410
24739
10917
20304
23989
23881
12057
21674
11835
24054
5132
7675
19512
3561
5839
28525
6654
28381
642
13136
16583
28719
8836
16041
8023
28908
27793
16313
24084
593
593
6928
23436
4166
19946
14532
23306
9003
4434
25620
3895
19632
27967
10547
27770
8287
9921
15056
12566
12626
16612
116
15446
15540
4389
18748
24208
27626
28433
11353
25175
6763
16607
12347
28826
19969
21927
18360
9263
27200
19687
13366
5105
17588
1714
11835
10220
13188
13396
12652
22487
852
1950
8536
4579
10026
1380
27884
18167
3852
