0
184700292
303498714
303498714
359198088
594296978
862766712
1097228502
1386906844
1386969378
1385946162
1385946162
1665465074
1665656294
1665656294
1848773180
1848789076
1848794260
1848794260
1848794260
2156726162
2211696710
2214726276
2316346816
2317446656
2406651998
2722189342
2831128712
2831213952
2831167240
2972408234
2972817056
2973005392
3074194704
3074326986
3074892858
3248216964
3258177336
3257956720
3349701000
3628315922
3740938460
3740175884
3883677434
3885255024
3884760944
3943313586
3942566352
4125945284
4194148638
4339454334
4339454334
4771290264
4831411890
5093782508
5093797540
5507986950
5784532478
5945567790
5945567790
6056596874
6056682186
6057313652
6258288184
6616643858
6682733140
6822262676
6826311292
6851944408
6927241846
7155304568
7365995014
7623316598
8021356482
8042513806
8090497960
8092665504
8092444464
8090951664
8089047564
8211791436
8236051876
8262986706
8274133990
8436093374
8583943786
8935983240
8934996982
9145891890
9155452312
9462487890
9519062112
9931802966
9930056904
9930062952
10204675496
10499488884
10615882072
10716161068
10712232430
10939997080
11106361322
11456052380
11601529424
11602372288
11602353216
11924320034
11942176516
12006133692
12138063424
12137381172
12227067482
12442897476
12610352418
12933464364
13142865010
13143308530
13190001720
13193669160
13384135454
13772844958
13772844958
13773399646
13839130078
14035982388
14080893024
14116177102
14259297470
14264074538
14585978888
14678459274
14678762394
14679541334
14676964438
14673337366
15001353336
15350576102
15348068558
15503027466
15690443018
15695681544
16066396036
16302255080
16319047594
16500557884
16865967924
16939448304
17275185668
17482868768
17515597994
17515147974
17614437806
17777343634
17771600148
17780701940
17784340124
17781875996
17916216226
18010028830
18010028830
18101709566
18295246804
18586075586
18785790252
18785790252
18785790252
18785790252
18962121576
19192111776
19424579332
19424579332
19425264548
19495541644
19500981096
19751154070
19842471062
19974526802
20226150810
20559173376
20559492684
20553778414
20772349892
20775627832
21171409604
21325731400
21326430336
21367587676
21365988808
21530903224
21531757224
21535933578
21640726748
21768149830
21763707490
21760984362
21863244446
22023696960
22014730512
22058263496
22280598394
22282748168
22284911616
22281266208
22476553464
22504938360
22504938360
22505290800
22630031496
22634595636
22707504648
22807022006
22916985768
23222970780
23227698168
23480980480
23486487646
23482526598
23511325304
23511325304
23511325304
23591989696
23588289916
23624480610
23718487092
23718819512
24087209594
24230976168
24573356014
24762635004
25001366760
25315457864
25313208442
25392254504
25432035152
25520983422
25574866404
25574866404
25586235828
25715733556
25842649620
26054152890
26061036606
26120112470
26321714456
26326956066
26422824882
26471120936
26463990560
26467913528
26495536598
26853502882
26853132382
26852503742
27094910688
27403928562
27515283140
27520977602
27610039858
27997065880
28114072954
28121305606
28352692874
28415629170
28549640266
28736616858
28763908590
28767413190
28907901146
29156122064
29370263898
29414529560
29645199404
29705432616
29730732512
29927291178
29927291178
29959093296
30019697700
30184222140
30416481666
30416481666
30539633952
30660460486
30946370576
31056428514
31059548404
31059548404
31410541952
31525807054
31677298234
31963791774
32095125364
32190768684
32533189014
32903277188
32929760852
32988187596
33005030434
33007360370
33328014944
33328537178
33424289594
33600936880
33609782116
33609782116
33635069170
34012008226
34111816886
34173435854
34227756050
34234255376
34242788322
34517835516
34751223566
34751157374
35090478328
35090478328
35190191204
35362013988
35368958134
35370915924
35517882942
35760556856
35804952636
36200899140
36275657792
36274959116
36321671990
36350681182
36536693084
36718593736
37039711982
37039711982
37052433720
37332726176
37333581328
37340449418
37519107196
37622183626
37958567404
38043924834
38285045152
38439093710
38479540864
38624627480
38749394634
38850379318
39161034166
39167706920
39167706920
39165815920
39163841648
39187165064
39335023510
39543741786
39575471252
39705018878
39705018878
39710054384
40077366370
40202884394
40490750966
40546383562
40673946492
40896379940
41180268834
41461801192
41592698224
41726105686
42010668346
42041037986
42252094924
42284781486
42330888588
42404766634
42402244894
42691533998
42682137878
43110022902
43161771180
43519631868
43683740932
44095046944
44095046944
44116535136
44197279006
44352562972
44612565630
44942394960
44941692528
44959717984
45262498006
45401326408
45674204346
45674204346
45794386058
45939990908
45928472740
46163676070
46468557192
46495556600
46495556600
46572178770
46674627124
46741176862
47056414922
47192725474
47192725474
47449506398
47594573242
47682918646
47742704286
47752703490
47816514146
47912703108
48211114780
48411395904
48411395904
48476488134
48476488134
48597224258
48853081126
48890722198
48890722198
49270601028
49432548048
49640971940
49842175134
49852896318
49857300970
49886155236
49931060470
50313625324
50465981110
50477383462
50477383462
50609360244
50897852012
50999630724
51008645954
51005120502
51338929462
51328141710
51413133422
51517986030
51523333302
51523333302
51521093686
51541393590
51612480476
51618209036
51720576748
51719155132
51706276564
51714924452
51777657320
51773468168
51857250290
51869288338
51879039574
51862997766
51859325338
52145461314
52449901382
52447119982
52507887710
52488385790
52498126910
52643763356
52857264490
52913876728
52913876728
52913876728
52920467886
52932012138
52961834694
53373215536
53372998684
53598411630
53717180166
53740348722
53740281842
53744903388
53897446096
54006279288
54058979524
54115748070
54249245698
54502270144
54504868254
54665544538
54730705424
54730705424
55059256916
55059256916
55083773612
55266377614
55513908766
55537050624
55543492668
55876169940
56013542390
56200758164
56432342408
56492980334
56693064916
56694924456
56739400544
56746564544
56746564544
56749940624
56911232698
56914306266
57320436836
57314305106
57488335006
57497867342
57496202042
57475171982
57480441638
57513522984
57520357546
57669297264
57669662004
57687279986
57879386348
58172191800
58186100284
58186100284
58308419712
58402847490
58407242238
58702944808
58832761286
59089850740
59070656446
59339374288
59519718328
59515218448
59519617666
59724534110
59726799310
59921829388
60152801110
60219642372
60051466930
60265144044
60372062896
60371173648
60377733512
60742852370
61118807988
61242192642
61281531902
61281531902
61452545104
61445430736
61527532852
61590857848
61837595178
61837595178
61922055180
62061149556
62105257978
62106557584
62512384620
62532128208
62384762512
62384762512
62388312948
62389224948
62638704140
62653026004
62762317312
62765574912
63128898886
63128898886
63203237762
63204012354
63376729624
63547226612
63729971740
63741786868
63780935708
63780935708
64013978978
64013978978
64174245560
64155943848
64228349488
64394051276
64492168108
64496715470
64770595164
64867788674
64873627804
64889680574
64904363526
64894005778
64916191956
64928486172
64928486172
64962368512
65015836692
65370781496
65614231304
65833648278
65829235478
65903085360
65905820418
66249681430
66327244004
66736728448
66819019914
66859380244
66860724652
66867579124
66867579124
66976948790
66979844766
67005257602
67009627114
67009627114
67022129100
67022129100
67252578630
67255389150
67284941372
67279732424
67277757384
67672756584
67719214224
67719214224
67882196790
67872994740
68019046308
68029333676
68041055248
68099559710
68098674786
68217443354
68217443354
68301100356
68295705648
68383379420
68469842460
68545277570
68551172114
68549057402
68588454602
68565274766
68624687150
68637999430
68801433506
68874090578
68874090578
68797554626
69124587354
69124587354
69200501930
69371953228
69814477222
69800692246
69885299976
69963493532
70053469400
70115645130
70167793642
70298279314
70283888370
70298283634
70298283634
70296357334
70286803900
70273583392
70273583392
70618901590
70841955362
70976551038
71221863364
71426661168
71425364152
71413103492
71603370830
71911636992
71967151126
72099202946
72149904682
72417964192
72552072056
72647758144
72718381916
72718381916
72740150684
72725449400
72852620532
72852620532
73086665514
73231387670
73228026110
73230338990
73337115830
73592552786
73765355526
73869825438
73869825438
73895173608
74202299344
74320203910
74474926666
74497745516
74544149838
74722873314
74874444682
74874444682
74906273310
75044095580
75507793728
75600603890
75758866086
75854338298
75854338298
75856688526
75928842898
75942187252
75942187252
75960565766
75966909622
75797540420
76097593412
76092591604
76156508388
76141076484
76295224182
76659270818
76984022246
77248248396
77243873004
77248200096
77341704264
77341704264
77341704264
77612621362
77777602086
77777602086
78024849110
78140362610
78185902694
78444802180
78740019774
78740019774
78918759400
79275345052
79571666704
79636663128
79640129016
80084777126
80086631526
80254714854
80369506978
80369506978
80703083356
81021504124
81189826070
81179743262
81170249442
81175779634
81178684594
81181193674
81185838202
81332896774
81299852724
81299852724
81299852724
81391594472
81646565022
82043186966
82002866526
82083569128
82119171836
82276863258
82433679964
82511176914
82804851978
82802258340
82791046968
82798802174
82799881666
82830367952
82893580532
82935039044
83109915020
83110527260
83112071336
83388670022
83380649002
83665314454
83665314454
83708041508
83713376108
83722086828
83861319334
83879855884
84071571082
84055976542
84185833912
84445684082
84445684082
84766469314
84817631754
84865118886
84900580836
84897640968
85260310514
85398651332
85585449102
85605166836
85605166836
85833081440
85833081440
85840930016
85840930016
85840930016
85959307306
85989965206
85997046410
86104216408
86104216408
86092249222
86148428170
86137570698
86614340296
86608524928
86576635252
86563765580
86627042634
86609126514
86792056676
87036688752
87021422088
87012938004
86989302504
87420615690
87462467334
87462467334
87495712558
87495712558
87796208946
87798196876
87837329582
87839293180
87647671540
87647671540
87815249778
87830730642
87830730642
87964873748
88023753666
88058040976
88326682972
88319286268
88364660498
88368809858
88383360114
88574151220
88574151220
88646469524
88737159594
88785653458
88797673956
88797673956
88816463516
88816463516
88834448084
88834448084
88834448084
88834448084
88834448084
89097311798
89097311798
89241882678
89374490372
89394208774
89624514788
89624514788
89743426280
89743426280
89827817262
89979458270
89987132030
90048972952
90143248970
90331025148
90396016914
90643159122
90969256174
91232220398
91216560250
91209121666
91207978486
91215486470
91209997346
91310340352
91483335296
91471982812
91486269672
91502451748
91787797730
91907751810
91902984210
91924918902
91922794182
91921719234
91940089540
92100775866
92100775866
92104493090
92122762414
92309599086
92325454694
92387755490
92413190762
92806186614
92969468990
92951040590
93075625408
93206999576
93378685700
93395716544
93395716544
93645428520
93656467128
93668103060
93694592282
93694592282
93949870140
94298100330
94331947110
94330759290
94334426730
94334591354
94350529842
94657926564
94648380132
94878113382
94915708920
95009822712
94995611092
94960369192
95019940008
95075648842
95075648842
95083354568
95150440820
95150440820
95164854340
95164854340
95337370546
95535741518
95523358372
95533720612
95515410340
95515410340
95815819556
95825525444
95837965508
96011853772
96155696470
96026172498
95926413016
96115763578
96434526780
96494250368
96500066900
96838483850
96815158790
97019457296
97019457296
97232560488
97487777822
97561395304
97598980348
97602246448
97613041856
97746118518
98147871284
98219619626
98219619626
98219600222
98265698768
98329394542
98338879300
98501088656
98621269872
98620580240
98803393220
98751505188
99079153670
99043987640
99043987640
99197508774
99224546194
99304802240
99580994218
99687969526
99679667638
99681965494
99681965494
99838461792
99848544106
100085037656
100155516818
100223271140
100368902268
100364032452
100371181772
100594526904
100627086598
100635825598
100867292900
100867292900
101196594456
101495574874
101519651756
101483458586
101876528084
102171484642
102342315512
102342315512
102577631832
102577631832
102775394950
102775394950
103072540184
103481307402
103481307402
103210334162
103267910260
103492795900
103554686468
103562572736
103751917154
103717798828
103732082182
103710175154
104092789492
104440236558
104619053794
104640691154
104618772036
104676916364
104681840654
104793600912
104754627468
104989823836
105071995188
105312957404
105340808854
105479939448
105479939448
105838401334
106196340996
106205370988
106309639878
106418092744
106411246400
106553501510
106626672848
106591053440
106581875784
106599620590
106599620590
106815518368
106941978274
106938983074
107197628068
107227654624
107337117964
107353279564
107495386564
107495386564
107502873412
107502873412
107492081508
107497653750
107750527286
107783953292
108138329572
108198785862
108248462256
108335003294
108335849680
108361754704
108166875800
108221361028
108221361028
108228867760
108232297732
108230078200
108476111760
108693084002
108711654648
108694719928
108776638946
108810070120
108810070120
109044844126
109084549828
109169746114
109022194656
109279332484
109277551084
109277551084
109282351660
109282351660
109473774070
109473774070
109473774070
109473774070
109553506422
109553506422
109554786080
109612200182
109665339948
109740878980
109776131566
110133611456
110214773552
110214773552
110320397068
110322075852
110279297256
110449489740
110625290562
110726549304
110753526588
110593209604
110766141428
110781323084
110953059494
111006028892
111009703852
111360625260
111366998550
111553386390
111705654124
111712518772
111981529384
111755178192
111741277008
111741277008
111741277008
111887789622
111881772814
111881772814
112136583694
112136583694
112136583694
112510382986
112555104666
112668734522
112654280290
112793733962
112832685962
112838592522
112885763046
112940934440
112949314032
113056631688
113146381866
113175178122
113393512684
113616228780
113616228780
113758555880
113752640288
113981338810
113977364570
114011829784
114203613878
114524823560
114533235704
114555805256
114636000728
114838610792
115175666132
115172795474
115172795474
115172795474
115271686894
115244975726
115280909880
115312729022
115430298532
115449874108
115445731588
115456665348
115554760040
115554825336
115631937506
115591221506
115591221506
115713439740
115713439740
115713439740
115711558350
115711349662
115711349662
115713572862
115700095668
115774593450
115774593450
115721028578
115940419174
115981583770
115972427188
115972427188
115972427188
116102214910
116227723648
116242693408
116242693408
116331121166
116190483768
116157009172
116152845348
116439236470
116697421084
116837807112
117183715762
117183715762
117290535216
117294107244
117425647644
117789156442
118017536110
118017536110
118127588854
118128304054
118179146826
118217933706
118214025210
118328168778
118328168778
118584880024
118584880024
118584880024
118584880024
118900843294
119000206796
119172820814
119172820814
119261438942
119263696670
119361450492
119421978302
119546074636
119545092908
119545092908
119669235182
119669235182
120089455112
120104124654
120280119472
120300728654
120506664264
120506664264
120604862028
120715007058
120715007058
120763821724
120788555582
120763554682
120732317354
121027692222
121479556040
121698936082
121723965282
121732933260
121733505348
121756604318
121807569766
121891387584
