1045 1015
1273 1216
4165 3836
2831 2669
0 0
420 416
519 508
200 199
1225 1206
52 50
966 958
1854 1817
231 230
2820 2725
324 318
621 593
19 19
1053 1015
3930 3667
435 427
152 150
225 224
21 21
1703 1564
227 225
23 23
5322 4902
923 861
791 761
60 60
9075 8272
1109 1076
1590 1560
1215 1144
1028 999
0 0
657 619
622 601
550 542
369 358
7761 7208
2028 1979
6657 6012
2049 1972
1750 1658
2580 2454
42 42
623 580
152 150
4569 4179
735 708
40 40
25 25
1479 1434
177 170
601 587
25 25
49 49
2013 1973
2558 2427
376 368
